# stan_version_major = 2
# stan_version_minor = 30
# stan_version_patch = 0
# model = model_modified_model
# start_datetime = 2024-11-24 17:46:06 UTC
# method = sample (Default)
#   sample
#     num_samples = 1000 (Default)
#     num_warmup = 1000 (Default)
#     save_warmup = 0 (Default)
#     thin = 1 (Default)
#     adapt
#       engaged = 1 (Default)
#       gamma = 0.050000000000000003 (Default)
#       delta = 0.80000000000000004 (Default)
#       kappa = 0.75 (Default)
#       t0 = 10 (Default)
#       init_buffer = 75 (Default)
#       term_buffer = 50 (Default)
#       window = 25 (Default)
#     algorithm = hmc (Default)
#       hmc
#         engine = nuts (Default)
#           nuts
#             max_depth = 10 (Default)
#         metric = diag_e (Default)
#         metric_file =  (Default)
#         stepsize = 1 (Default)
#         stepsize_jitter = 0 (Default)
#     num_chains = 1 (Default)
# id = 1 (Default)
# data
#   file = input/gene_299.json
# init = 2 (Default)
# random
#   seed = 1718710851 (Default)
# output
#   file = output_model_modified/output_299.csv
#   diagnostic_file =  (Default)
#   refresh = 100 (Default)
#   sig_figs = -1 (Default)
#   profile_file = profile.csv (Default)
# num_threads = 1 (Default)
# stanc_version = stanc3 v2.30.1
# stancflags = 
lp__,accept_stat__,stepsize__,treedepth__,n_leapfrog__,divergent__,energy__,X,sigma,b.1,b.2,b.3,b.4,b.5,p_functional
# Adaptation terminated
# Step size = 0.559571
# Diagonal elements of inverse mass matrix:
# 223089, 0.00116475, 0.00415015, 0.00583475, 0.00738182, 0.00923029, 0.00366751, 0.0108036
-8185.58,0.826613,0.559571,3,7,0,8188.86,42188.4,5608.29,0.585473,0.514866,0.705802,0.75942,0.521938,0.63305
-8184.45,0.967874,0.559571,3,7,0,8189.05,42888.2,5756.11,0.581353,0.512294,0.692927,0.729859,0.53409,0.675369
-8184.67,0.943305,0.559571,3,7,0,8187.37,41537,6023.06,0.575838,0.533565,0.735318,0.76389,0.547364,0.647205
-8186.01,0.713365,0.559571,3,7,0,8188.49,41860.4,6139.29,0.594132,0.543304,0.714879,0.774568,0.55175,0.658305
-8184.7,0.916597,0.559571,3,7,0,8189.25,42691,5948.86,0.57051,0.542224,0.724141,0.717852,0.519651,0.667144
-8185.42,0.943876,0.559571,3,7,0,8187.38,42225.5,5901.09,0.577206,0.505339,0.693291,0.755261,0.511987,0.647416
-8186.6,0.986123,0.559571,3,7,0,8187.66,42683.7,5938.79,0.57204,0.548852,0.740038,0.728262,0.548,0.705878
-8187.85,0.921981,0.559571,3,7,0,8190.39,41916.7,5854.45,0.575828,0.497364,0.689326,0.748543,0.502751,0.630869
-8190.15,0.777803,0.559571,3,7,0,8197.28,41685,6093.22,0.593694,0.560839,0.757158,0.762553,0.569937,0.709117
-8189.27,0.950157,0.559571,3,7,0,8193.21,42754.4,5892.76,0.558571,0.50184,0.675395,0.737965,0.497242,0.635496
-8187.12,0.993668,0.559571,3,7,0,8191.4,42611.2,5793.26,0.567714,0.510107,0.693387,0.726143,0.495534,0.630522
-8185.81,0.980367,0.559571,3,7,0,8190.17,42135,5735.79,0.568434,0.494341,0.735829,0.745639,0.548692,0.683991
-8187.86,0.939975,0.559571,3,7,0,8188.99,42635.5,5950.78,0.57131,0.540928,0.685064,0.714343,0.501682,0.661001
-8185.85,1,0.559571,3,7,0,8191.41,41911.9,5679.63,0.570631,0.487965,0.734495,0.748932,0.54367,0.666881
-8187.27,0.961556,0.559571,3,7,0,8190.58,42773.3,5827.61,0.570813,0.52091,0.691025,0.715108,0.495231,0.644802
-8184.15,0.99302,0.559571,3,7,0,8189.53,42041,5677.15,0.568574,0.512117,0.734076,0.755896,0.533512,0.654211
-8184.46,0.594262,0.559571,2,7,0,8190.36,42801.1,5701.9,0.568069,0.526575,0.707211,0.715556,0.530196,0.687246
-8185.88,0.805164,0.559571,3,15,0,8190.41,41810.2,5682.68,0.578718,0.539174,0.730387,0.734834,0.546794,0.626345
-8186.32,0.834862,0.559571,3,7,0,8192.68,42930.5,5994.53,0.573972,0.493569,0.705623,0.753477,0.508923,0.666387
-8185.8,0.94503,0.559571,3,7,0,8189.91,42506.9,5701.51,0.588573,0.541318,0.710889,0.731458,0.510537,0.69326
-8188.96,0.866152,0.559571,3,7,0,8190.38,43257.4,5976.64,0.536995,0.50643,0.709417,0.739341,0.532374,0.646179
-8183.8,1,0.559571,3,7,0,8188.84,42649,5844.01,0.554886,0.518428,0.711204,0.728429,0.538797,0.672305
-8185.43,0.864086,0.559571,3,7,0,8187.07,42610.9,6141.85,0.579819,0.514733,0.697844,0.759397,0.537957,0.671619
-8186.14,0.948894,0.559571,3,7,0,8188.25,41662.7,5690.85,0.563587,0.536498,0.739124,0.747236,0.523437,0.669012
-8186.08,0.952379,0.559571,3,7,0,8189.91,42169.2,6184.9,0.585679,0.510094,0.695947,0.740362,0.535108,0.670558
-8186.66,0.975359,0.559571,3,7,0,8189.23,41986.3,5939.97,0.545103,0.531378,0.722427,0.721741,0.52908,0.649042
-8187.15,0.917377,0.559571,3,7,0,8192.36,41761.9,6137.85,0.576886,0.504823,0.726074,0.742493,0.561891,0.681584
-8185.29,1,0.559571,3,7,0,8188.69,41970.7,6158.12,0.587101,0.510956,0.728723,0.73951,0.547994,0.67943
-8185.05,0.98083,0.559571,3,7,0,8188.88,42542.7,5814.95,0.552145,0.516261,0.708895,0.737119,0.507343,0.679613
-8185.29,0.759127,0.559571,3,7,0,8188.99,42697.7,5876.87,0.567087,0.497113,0.726971,0.733277,0.542614,0.648177
-8184.81,0.975262,0.559571,3,7,0,8187.89,42608,5876.73,0.579016,0.554508,0.712348,0.756346,0.52467,0.687747
-8183.79,0.74464,0.559571,2,7,0,8189.84,42171,6098.38,0.573183,0.534426,0.722746,0.744418,0.532357,0.684397
-8187.08,0.647654,0.559571,3,7,0,8192.11,41893.6,6074.61,0.603299,0.549832,0.742852,0.773063,0.539548,0.648713
-8189.84,0.934305,0.559571,3,7,0,8192.32,41496.2,6352.61,0.577827,0.567399,0.754792,0.754808,0.542121,0.70008
-8188.07,0.990752,0.559571,3,7,0,8193.42,42691.9,5592.13,0.581208,0.492346,0.679177,0.742552,0.513072,0.64021
-8186.56,0.995553,0.559571,3,7,0,8191.73,42934.5,6271.11,0.563967,0.512265,0.716945,0.722648,0.528733,0.692288
-8188.09,0.861934,0.559571,3,7,0,8192.19,42142.3,5917.84,0.613984,0.529337,0.695144,0.768169,0.540498,0.672732
-8186.71,1,0.559571,3,7,0,8190.13,42242.9,5995.56,0.549737,0.506852,0.74602,0.740927,0.524573,0.68017
-8184.74,0.770059,0.559571,3,7,0,8191.47,42467.8,5627.12,0.554859,0.514838,0.716651,0.730102,0.541148,0.648592
-8187.61,0.776619,0.559571,3,7,0,8191.47,42591.4,6204.22,0.586886,0.555631,0.711925,0.742492,0.537893,0.727039
-8186.47,0.982691,0.559571,3,7,0,8190.95,42332.9,5635.76,0.552914,0.488556,0.708472,0.723148,0.51604,0.637161
-8187.19,0.86793,0.559571,3,7,0,8191.03,42837.8,6249.76,0.588651,0.557142,0.71852,0.740596,0.53513,0.721804
-8187.41,0.816324,0.559571,3,7,0,8193.87,42308.6,5597.56,0.551156,0.486876,0.719293,0.724655,0.51956,0.625203
-8187.93,0.698122,0.559571,3,7,0,8196.65,43017.7,6046.06,0.566689,0.561999,0.698347,0.729337,0.507214,0.709633
-8187.11,0.900301,0.559571,3,7,0,8191.82,42893.8,6049.8,0.549637,0.501126,0.734063,0.726321,0.538099,0.663573
-8187.27,0.839599,0.559571,3,7,0,8193.1,42156,5993.33,0.601858,0.485868,0.733296,0.744624,0.522112,0.685752
-8184.38,0.835306,0.559571,2,7,0,8190.45,42679.7,5835.11,0.552677,0.535366,0.725291,0.742333,0.534586,0.685739
-8185.13,0.990276,0.559571,3,7,0,8186.84,43173.8,5863.25,0.583383,0.510284,0.69748,0.727827,0.516643,0.674936
-8187.03,0.835587,0.559571,3,7,0,8190.03,42656.4,5691.76,0.605489,0.494963,0.702755,0.740226,0.532144,0.667808
-8185.71,0.70913,0.559571,2,3,0,8193,42753.8,5819.07,0.588833,0.496141,0.732519,0.740818,0.524705,0.661858
-8187.33,0.936649,0.559571,3,7,0,8190.27,41821.5,5631.54,0.591524,0.539949,0.714648,0.717505,0.537974,0.671799
-8190.06,0.947525,0.559571,3,7,0,8191.74,43148,6224.46,0.560407,0.50378,0.727351,0.758707,0.502408,0.665164
-8189.83,0.807333,0.559571,3,7,0,8195.55,41405.4,5648.43,0.595415,0.550157,0.711525,0.728724,0.552285,0.668224
-8186.32,0.984733,0.559571,3,7,0,8193.1,42438.3,6168.1,0.553181,0.508418,0.69682,0.74561,0.528171,0.662784
-8187.89,0.990882,0.559571,3,7,0,8189.88,43449.4,5638.4,0.58517,0.526248,0.712928,0.719194,0.517975,0.704683
-8185.88,1,0.559571,3,7,0,8189.91,42023,5986.75,0.551051,0.511355,0.704124,0.739846,0.525359,0.634499
-8188.28,0.912855,0.559571,3,7,0,8190.46,42236.7,5629.47,0.607466,0.5089,0.74403,0.756443,0.528234,0.679835
-8186.78,0.990957,0.559571,3,7,0,8191.32,41979.8,5538.64,0.582024,0.516356,0.731967,0.751631,0.507483,0.67664
-8187.67,0.926715,0.559571,3,7,0,8191.92,42140.1,6197.78,0.571997,0.539977,0.710933,0.722326,0.563075,0.65023
-8184.38,0.996401,0.559571,3,7,0,8189.33,42313.6,5639.66,0.574749,0.535331,0.734879,0.738952,0.529119,0.675753
-8183.76,0.927421,0.559571,3,7,0,8187.91,42175.5,5810.37,0.589784,0.531575,0.714695,0.756259,0.54285,0.657775
-8186.62,0.790712,0.559571,2,7,0,8188.49,42246.9,5587.51,0.606217,0.513136,0.730371,0.736173,0.524489,0.667638
-8184.72,0.896384,0.559571,3,7,0,8190.15,42599.3,5798.69,0.566805,0.499234,0.699987,0.748428,0.532447,0.641528
-8184.71,0.990417,0.559571,3,7,0,8186.47,42441.6,5763.6,0.566084,0.50485,0.716973,0.717223,0.544812,0.65098
-8185.47,0.859957,0.559571,3,7,0,8187.8,42830.3,5824.12,0.587773,0.508594,0.709185,0.757039,0.51226,0.675234
-8185.13,0.985766,0.559571,3,7,0,8187.39,42302.9,5921.92,0.555988,0.541465,0.724569,0.752438,0.548481,0.65188
-8186.81,0.935917,0.559571,3,7,0,8190.27,43373.7,6068.65,0.589627,0.517135,0.703866,0.73487,0.51376,0.691132
-8187.08,0.753696,0.559571,3,7,0,8194.19,41937.5,5941.6,0.572261,0.552327,0.729933,0.760518,0.555096,0.627239
-8185.16,0.93827,0.559571,3,7,0,8191.99,42489.8,5725.17,0.583899,0.529507,0.724937,0.741759,0.54799,0.703256
-8183.57,0.915828,0.559571,3,7,0,8186.92,42574.8,5900.1,0.570231,0.524747,0.695791,0.745179,0.526186,0.661963
-8184.99,0.856824,0.559571,3,7,0,8187.05,42716.3,5919.77,0.577568,0.535665,0.742609,0.736991,0.534998,0.6844
-8186.92,0.929114,0.559571,3,7,0,8190.53,42680.3,5753.94,0.586024,0.495843,0.686044,0.73678,0.503293,0.65719
-8187.59,0.995184,0.559571,3,7,0,8188.76,41526.8,5979.83,0.566865,0.545121,0.752725,0.750406,0.564562,0.665169
-8191.71,0.89898,0.559571,3,7,0,8194.92,41651.5,6328.33,0.601272,0.592493,0.739981,0.792101,0.528153,0.680214
-8187.21,0.758454,0.559571,3,7,0,8195.34,41543.5,6041.76,0.56909,0.528147,0.729745,0.725972,0.552289,0.668659
-8186.1,0.995692,0.559571,3,7,0,8189.31,41769.3,5886.74,0.573261,0.513877,0.710652,0.75745,0.514682,0.680828
-8185.43,0.993479,0.559571,3,7,0,8187.66,42328,5974.29,0.589483,0.513979,0.734478,0.734675,0.546317,0.640524
-8185.84,0.917991,0.559571,2,7,0,8188.58,41935.8,6179.16,0.575623,0.520575,0.71569,0.724592,0.538727,0.663361
-8185,1,0.559571,3,7,0,8186.52,42567.6,5551,0.567149,0.521078,0.707412,0.748395,0.517558,0.684948
-8184.69,1,0.559571,3,7,0,8186,42861.1,6022.76,0.568081,0.517606,0.708931,0.713895,0.532244,0.667896
-8184.73,1,0.559571,3,7,0,8185.69,42966.8,6092.02,0.565403,0.525494,0.708526,0.719398,0.529186,0.6748
-8183.8,0.951879,0.559571,3,7,0,8187.48,42565.2,5785.83,0.562147,0.523265,0.71599,0.745842,0.509773,0.668908
-8187.13,0.731357,0.559571,2,7,0,8189.19,42610.9,5706.84,0.599655,0.52659,0.704924,0.727338,0.551326,0.695507
-8188.5,0.908072,0.559571,3,7,0,8193.4,42508.1,5917.6,0.532441,0.528114,0.732644,0.736056,0.508003,0.649644
-8185.74,0.91539,0.559571,3,7,0,8192.78,42643.4,5907.6,0.564168,0.540769,0.711996,0.735669,0.56088,0.690996
-8187.55,0.689881,0.559571,2,7,0,8192.19,43049.2,6047.29,0.588098,0.496341,0.731388,0.737952,0.536099,0.665124
-8186.62,0.982255,0.559571,3,7,0,8192.31,42567.2,5861.08,0.592907,0.482941,0.722361,0.719332,0.534516,0.655982
-8184.89,0.885942,0.559571,3,7,0,8190.52,42062.1,5959.86,0.589328,0.533735,0.732539,0.753219,0.521001,0.697651
-8186.37,0.934009,0.559571,3,7,0,8188.73,42533.9,6010.06,0.585901,0.543554,0.726573,0.743802,0.553643,0.718964
-8188.44,0.718207,0.559571,3,7,0,8195.02,41906.1,6095.27,0.617484,0.515357,0.694444,0.754588,0.538593,0.652744
-8187.1,0.989209,0.559571,2,7,0,8189.44,41958.4,6031.04,0.609619,0.516119,0.694618,0.747324,0.532592,0.641627
-8185.46,1,0.559571,3,7,0,8189.8,42775.9,5684.31,0.548582,0.502066,0.719971,0.718835,0.52784,0.662205
-8186.7,0.972197,0.559571,3,7,0,8188.21,41495.2,5990.19,0.602777,0.554495,0.736317,0.778624,0.534735,0.671087
-8187.19,0.833759,0.559571,3,7,0,8190.93,43151.9,5831.15,0.540396,0.489904,0.706514,0.725113,0.523535,0.65851
-8186.32,0.883151,0.559571,3,7,0,8192.17,42321.8,5868.1,0.595988,0.552855,0.714611,0.738962,0.518191,0.702247
-8190.52,0.773121,0.559571,3,7,0,8192.12,41601.2,6184.53,0.553264,0.484211,0.710768,0.749077,0.548687,0.616913
-8188.03,0.96634,0.559571,3,7,0,8195.49,41225.3,5741.5,0.591901,0.527908,0.729963,0.742854,0.549738,0.601741
-8186.7,0.985164,0.559571,3,7,0,8191.04,41553.8,5924.39,0.57497,0.504234,0.714429,0.753164,0.566252,0.643656
-8188.06,0.899841,0.559571,3,7,0,8191.41,42959.5,5782.66,0.550935,0.553164,0.696766,0.751194,0.504834,0.687578
-8187.29,0.96131,0.559571,3,7,0,8193.26,42272,6242.5,0.595137,0.509904,0.731925,0.727722,0.551443,0.689375
-8186.36,0.973803,0.559571,3,7,0,8190.2,42233.7,6241.01,0.574694,0.509879,0.731009,0.72686,0.5418,0.684266
-8184.11,0.972776,0.559571,3,7,0,8187.29,41923,5721.52,0.573738,0.529199,0.708794,0.746198,0.516599,0.654498
-8184.9,0.870269,0.559571,3,7,0,8189.56,42286.1,5871.28,0.561414,0.554494,0.70633,0.741913,0.542306,0.672045
-8184.57,0.979995,0.559571,3,7,0,8186.93,42942,6054.22,0.574977,0.521976,0.719932,0.734139,0.526319,0.706195
-8185.83,0.849565,0.559571,3,7,0,8188.27,42668.9,5639.95,0.571382,0.504192,0.715164,0.725046,0.512203,0.699026
-8186.08,0.851855,0.559571,3,15,0,8189.35,42602.9,6146.09,0.570517,0.548628,0.710731,0.75733,0.548114,0.658932
-8185.76,0.877123,0.559571,3,7,0,8190.12,42659.1,5641.39,0.596283,0.50256,0.71045,0.737465,0.515844,0.654596
-8184.26,0.958193,0.559571,3,7,0,8187.44,42314.8,5841.81,0.559016,0.526863,0.708719,0.746196,0.51335,0.676881
-8185.5,0.803013,0.559571,3,7,0,8188.35,43163.8,5840.36,0.564534,0.514273,0.718945,0.73613,0.538454,0.662154
-8187.87,0.833562,0.559571,2,3,0,8189.32,41683.9,5697.33,0.560835,0.511322,0.707004,0.725849,0.538823,0.672032
-8186.24,1,0.559571,2,7,0,8189.84,41889.6,5760.94,0.558892,0.528215,0.699969,0.729669,0.531298,0.669214
-8189.98,0.954925,0.559571,3,7,0,8191.13,42508.2,6057.28,0.590808,0.507314,0.765373,0.764731,0.537879,0.677447
-8191.26,0.976348,0.559571,3,7,0,8197.1,42030.5,5606.43,0.577625,0.53289,0.706243,0.701122,0.554693,0.689696
-8184.91,1,0.559571,2,3,0,8191.76,42454.9,5840.33,0.575063,0.539782,0.738477,0.743617,0.547423,0.663845
-8187.87,0.87928,0.559571,2,7,0,8189.78,41995.9,5560.02,0.557931,0.545851,0.708467,0.719912,0.543585,0.65942
-8192.48,0.890937,0.559571,3,7,0,8195.89,42417.8,6514.2,0.568662,0.494581,0.743702,0.736735,0.506887,0.690346
-8190.35,0.778216,0.559571,3,7,0,8200.4,42817.9,5990.79,0.567975,0.569253,0.690464,0.746534,0.540949,0.636736
-8186.84,0.866464,0.559571,3,15,0,8194.5,41884.1,5948.52,0.569259,0.555003,0.688773,0.748503,0.533355,0.651122
-8186.1,0.984175,0.559571,3,7,0,8189.11,42521.8,5752.91,0.577635,0.506488,0.741077,0.719435,0.520838,0.645378
-8187.25,0.772638,0.559571,3,7,0,8193.36,42044.4,6170.74,0.612389,0.539163,0.726705,0.777408,0.534388,0.683986
-8185.44,1,0.559571,3,7,0,8189.66,42859.5,5830.32,0.544302,0.516923,0.711096,0.732189,0.534894,0.6505
-8187.8,0.857353,0.559571,3,7,0,8190.76,42502.3,6090.35,0.598965,0.546795,0.704645,0.719514,0.551304,0.697364
-8186.39,0.856826,0.559571,3,7,0,8193.81,42660.2,6208.59,0.562288,0.495401,0.709006,0.744204,0.528891,0.65415
-8187.86,0.887408,0.559571,2,3,0,8189.57,42307.1,6242.13,0.568821,0.48831,0.707196,0.744096,0.511506,0.663748
-8186.44,1,0.559571,3,7,0,8190.82,41928.7,5478.61,0.579603,0.537983,0.716685,0.731978,0.544968,0.654992
-8187.86,0.92172,0.559571,3,7,0,8189.78,43286.2,6110.9,0.570212,0.503643,0.715325,0.743152,0.499559,0.673083
-8185.13,0.937357,0.559571,3,7,0,8193.77,42416.9,5708.64,0.573029,0.536171,0.718031,0.74736,0.556068,0.659436
-8187.72,0.742156,0.559571,3,7,0,8191.08,41912.4,6070.14,0.577534,0.490258,0.722977,0.739281,0.533019,0.695754
-8184.08,1,0.559571,3,7,0,8188.72,42535.4,5729.06,0.587646,0.498345,0.708954,0.742837,0.528558,0.657334
-8186.06,0.818832,0.559571,3,7,0,8189.2,42465.8,6011.94,0.553362,0.547622,0.721421,0.721231,0.54507,0.684121
-8183.71,0.985578,0.559571,3,7,0,8188.04,42361.7,5858.28,0.562747,0.54605,0.719043,0.739301,0.536449,0.677421
-8183.8,0.990676,0.559571,3,7,0,8185.08,42440.9,5777.61,0.582037,0.498622,0.708899,0.728023,0.521847,0.660143
-8186.07,0.727613,0.559571,3,7,0,8190.48,42360.5,5579.51,0.570786,0.506719,0.72189,0.71622,0.505716,0.648924
-8184.82,0.983545,0.559571,3,7,0,8188.2,41968,6180.02,0.584351,0.539148,0.708957,0.761562,0.537259,0.666256
-8188.04,0.877947,0.559571,3,7,0,8190.35,42281.7,6114.65,0.579895,0.579706,0.711112,0.746087,0.552035,0.701948
-8185.71,0.975654,0.559571,3,7,0,8191.87,42441.9,5682.95,0.578457,0.491442,0.722065,0.724897,0.512621,0.635421
-8185.77,0.952341,0.559571,3,7,0,8188.6,42717.7,6038.22,0.564833,0.556607,0.69873,0.738479,0.532028,0.700195
-8187.03,0.793186,0.559571,3,7,0,8191.59,42527.4,5845.41,0.566179,0.486842,0.722938,0.709839,0.515669,0.678689
-8185.07,0.933656,0.559571,3,7,0,8188.77,41948.8,5754.78,0.572319,0.547072,0.700559,0.755872,0.526634,0.654507
-8185.22,0.978792,0.559571,3,7,0,8187.47,42929.4,6177.86,0.579854,0.511348,0.718949,0.744233,0.525255,0.692669
-8185.11,0.886341,0.559571,2,7,0,8188.72,42131.3,6149.46,0.56106,0.508337,0.731519,0.744324,0.527926,0.653517
-8183.51,0.897823,0.559571,2,7,0,8187.12,42527.2,5797.83,0.584668,0.523145,0.717072,0.728058,0.540447,0.661546
-8183.43,0.939839,0.559571,3,7,0,8185.52,42160.6,5887.66,0.562702,0.518327,0.718561,0.753545,0.521265,0.663873
-8186.34,0.73157,0.559571,2,7,0,8189.66,42206.2,5686.12,0.570012,0.520659,0.716355,0.77485,0.510651,0.674634
-8185.53,0.985739,0.559571,3,7,0,8189.14,42664.3,5909.09,0.576295,0.537836,0.720669,0.71191,0.548752,0.669174
-8186.59,0.878647,0.559571,3,7,0,8189.97,41637.8,5938.99,0.57971,0.507947,0.717813,0.778827,0.512559,0.657137
-8185.44,1,0.559571,3,7,0,8189.1,42356,5710.3,0.576473,0.529255,0.719223,0.710453,0.546029,0.653749
-8184,0.973285,0.559571,3,7,0,8187.33,42239.3,5899.05,0.580179,0.527204,0.708744,0.723914,0.542664,0.649143
-8185.92,0.856749,0.559571,3,7,0,8188.1,41372.5,5957.44,0.590889,0.512727,0.723989,0.778136,0.528536,0.648988
-8188.14,0.899113,0.559571,3,7,0,8190.41,42417.9,5970.35,0.575145,0.558311,0.746297,0.728676,0.561414,0.689514
-8184.89,1,0.559571,3,7,0,8190.15,42386.1,5902.43,0.568164,0.498328,0.709934,0.766372,0.524161,0.672458
-8191.31,0.740348,0.559571,3,7,0,8195.23,42480.9,5767.81,0.575581,0.583015,0.721487,0.711823,0.535089,0.641726
-8185.19,1,0.559571,3,7,0,8192.85,42194,5970.29,0.576531,0.494352,0.718755,0.768711,0.54227,0.657189
-8186.57,0.938626,0.559571,3,7,0,8189.21,42491.5,6124.48,0.582648,0.565497,0.703579,0.732071,0.543106,0.692859
-8186,0.92386,0.559571,3,7,0,8190.46,42437.7,5700.54,0.561335,0.481591,0.727019,0.747348,0.516156,0.664929
-8185.87,0.888529,0.559571,3,7,0,8189.89,42289.6,6195.05,0.576869,0.558022,0.701322,0.751982,0.528131,0.679101
-8186.43,0.955553,0.559571,3,7,0,8188.58,41850.8,5579.68,0.582736,0.495408,0.741252,0.744786,0.537011,0.635201
-8187.04,0.862906,0.559571,3,7,0,8190.53,42430.9,6262.15,0.566218,0.554724,0.698186,0.748107,0.529476,0.695925
-8187.18,0.799047,0.559571,3,7,0,8194.39,41590.6,5835.05,0.570467,0.503364,0.745322,0.741735,0.53229,0.682938
-8186.2,0.970045,0.559571,3,7,0,8191.03,42765.6,5950.76,0.579693,0.555309,0.730698,0.730768,0.53932,0.661345
-8185.59,0.853046,0.559571,3,7,0,8190.47,41673.1,5880.32,0.575215,0.492636,0.713638,0.763947,0.539209,0.659309
-8186.49,0.980356,0.559571,3,7,0,8188.36,42648.8,5846.64,0.557386,0.553298,0.709799,0.711412,0.518415,0.680549
-8184.01,0.959286,0.559571,2,3,0,8188.38,42860.7,5742.99,0.574946,0.531995,0.712953,0.736082,0.517087,0.661896
-8187.66,0.911303,0.559571,4,15,0,8189.37,41568.4,6183.24,0.589511,0.528211,0.746342,0.785978,0.561721,0.651854
-8189.86,0.887508,0.559571,3,7,0,8192.7,41693.2,5982.98,0.600909,0.549483,0.735633,0.781371,0.510247,0.705617
-8187.45,1,0.559571,3,7,0,8193.14,41826.6,5955.79,0.594536,0.509186,0.724435,0.770078,0.570648,0.647504
-8187.53,0.889457,0.559571,3,7,0,8191.12,41089.1,6067.28,0.603214,0.533538,0.716157,0.75654,0.551,0.641263
-8186.72,1,0.559571,3,7,0,8189.8,42045,6220.19,0.578106,0.552537,0.721678,0.774773,0.537266,0.643902
-8185.72,0.919479,0.559571,3,7,0,8190.02,42653.9,5865.46,0.584804,0.496321,0.731429,0.724143,0.535827,0.650078
-8184.54,1,0.559571,3,7,0,8187.19,41985.1,5898.3,0.581155,0.509061,0.722294,0.750542,0.520454,0.686339
-8186.92,0.923217,0.559571,3,7,0,8188.81,43151.8,5659.32,0.545663,0.526087,0.704628,0.74351,0.539485,0.673302
-8185.5,0.864242,0.559571,3,7,0,8192.47,41852.7,6042.61,0.599432,0.515315,0.728311,0.735751,0.516388,0.658695
-8186.5,0.764737,0.559571,3,7,0,8190.92,42172.4,5808.96,0.570293,0.518599,0.700933,0.760494,0.504158,0.684418
-8186.87,0.86967,0.559571,3,7,0,8190.58,41988.3,5757.26,0.564053,0.519236,0.703437,0.779572,0.526722,0.676884
-8187.23,0.991696,0.559571,3,7,0,8190.15,42749.9,6088.88,0.596538,0.519727,0.72057,0.714513,0.518845,0.648892
-8185.19,0.995334,0.559571,3,7,0,8189.69,42213.9,5662.62,0.572355,0.527032,0.726648,0.77009,0.539656,0.667912
-8186.18,0.839304,0.559571,3,7,0,8190,42089.3,6069.44,0.57278,0.49651,0.725493,0.725625,0.526321,0.678727
-8184.38,1,0.559571,3,7,0,8186.77,42201.8,5673.32,0.57129,0.539082,0.699884,0.743465,0.529417,0.671373
-8184.6,0.966259,0.559571,3,7,0,8186.61,42089.2,5998.49,0.576986,0.522914,0.729384,0.718366,0.536544,0.655871
-8186.24,0.87971,0.559571,3,7,0,8189.34,41916.3,5755.17,0.582257,0.539479,0.708285,0.769261,0.548746,0.688734
-8185.85,0.89317,0.559571,3,7,0,8190.03,42835.4,5943.23,0.572627,0.51003,0.709347,0.718129,0.512809,0.636207
-8187.47,0.881274,0.559571,3,7,0,8192.63,41515.4,5649.09,0.557323,0.499793,0.733923,0.763019,0.52936,0.654801
-8187.25,0.835195,0.559571,3,7,0,8194.08,41373.9,6152.28,0.591709,0.561678,0.723331,0.74821,0.528891,0.638256
-8188.53,0.963034,0.559571,3,7,0,8192.73,43301.7,5755.19,0.549542,0.493062,0.705458,0.70016,0.519302,0.695711
-8186.1,0.942021,0.559571,2,7,0,8193.25,41945.1,5883.34,0.593695,0.524002,0.721391,0.786195,0.529592,0.667425
-8183.96,0.896637,0.559571,3,15,0,8188.13,42705.3,5860.4,0.553481,0.518452,0.708817,0.723759,0.523542,0.668734
-8185.17,0.668663,0.559571,3,7,0,8190.7,41864.6,5927.8,0.601175,0.524439,0.726917,0.774223,0.537455,0.654534
-8186.5,0.732077,0.559571,3,15,0,8190.25,43331.6,5810.69,0.545617,0.517755,0.715357,0.732924,0.518481,0.664638
-8188.07,0.774077,0.559571,3,7,0,8192.7,41862.2,6175.08,0.561213,0.519972,0.731638,0.712053,0.534258,0.658148
-8189.74,0.795462,0.559571,3,7,0,8194.21,42316.6,6035.73,0.58391,0.570291,0.748879,0.782513,0.540003,0.679608
-8187.26,0.998921,0.559571,3,7,0,8193.28,42609.5,5866.81,0.586357,0.499828,0.700637,0.709301,0.524755,0.69485
-8185.62,1,0.559571,3,7,0,8188.85,42449.5,6060,0.568001,0.546862,0.737289,0.768314,0.528846,0.67483
-8184.49,0.975664,0.559571,3,7,0,8188.33,42477.5,5774.4,0.572621,0.530852,0.698061,0.720379,0.515618,0.652517
-8186.32,0.932806,0.559571,3,7,0,8187.71,41916.9,5975.96,0.576012,0.514783,0.738228,0.774459,0.541492,0.701101
-8187.36,0.958789,0.559571,3,7,0,8190.11,42002.6,6036.41,0.583091,0.521399,0.710929,0.708142,0.523432,0.624419
-8191.43,0.761004,0.559571,3,7,0,8197.72,41611.5,5578.1,0.61399,0.549384,0.744968,0.730854,0.552642,0.662194
-8184.73,0.979728,0.559571,2,7,0,8192.82,42198.8,5764.52,0.600831,0.517813,0.731057,0.744816,0.531884,0.650426
-8186.58,0.933403,0.559571,3,7,0,8187.89,42647.6,5896.7,0.550925,0.537803,0.743746,0.724531,0.52933,0.666834
-8184.84,0.939593,0.559571,3,7,0,8188.89,42696.7,5642.42,0.554938,0.530206,0.720801,0.744173,0.519809,0.662817
-8183.87,0.961684,0.559571,3,7,0,8186.87,42173.7,5622,0.575401,0.50977,0.729454,0.739677,0.527786,0.647991
-8184.66,0.805441,0.559571,3,7,0,8186.59,41931.1,6093.57,0.57826,0.52973,0.704561,0.748323,0.532815,0.672319
-8185.85,0.973688,0.559571,3,7,0,8186.84,42309.4,5702.84,0.568907,0.519964,0.726656,0.712348,0.524833,0.687214
-8184.13,0.924626,0.559571,3,7,0,8188.64,42567.8,5703.67,0.579164,0.534963,0.724499,0.724418,0.531435,0.661109
-8184.61,0.962503,0.559571,3,7,0,8186.25,41983.5,5875.42,0.58453,0.502046,0.722233,0.750854,0.510238,0.661382
-8185.78,0.885617,0.559571,3,7,0,8190.37,42400.1,5822.42,0.576654,0.479366,0.713859,0.747246,0.516307,0.678524
-8185.79,0.903425,0.559571,3,7,0,8190.78,42225.2,5608.16,0.554372,0.525462,0.702213,0.723004,0.528969,0.633688
-8187.38,0.945615,0.559571,3,7,0,8190.35,41845.9,5717.64,0.5561,0.550508,0.726529,0.75049,0.521764,0.62119
-8186.61,1,0.559571,3,7,0,8189.03,42704.7,5920.15,0.596499,0.484419,0.709529,0.737315,0.540318,0.683
-8184.36,0.856142,0.559571,3,7,0,8191.27,42299.5,5883.52,0.574811,0.556585,0.723804,0.735921,0.534246,0.684714
-8185.33,0.870185,0.559571,3,7,0,8187.46,42282.6,6302.24,0.580578,0.517875,0.719057,0.752966,0.539409,0.682698
-8188.59,0.823582,0.559571,3,7,0,8192.54,42843.1,5606.12,0.553312,0.531539,0.696995,0.706571,0.516275,0.700639
-8186.4,0.997082,0.559571,3,7,0,8192.44,42344.4,6149.69,0.592244,0.557078,0.730028,0.768041,0.534201,0.664255
-8186.92,0.951297,0.559571,3,7,0,8191.09,41263.3,6038.35,0.586704,0.51659,0.750005,0.765951,0.562505,0.656524
-8185.83,0.95895,0.559571,3,7,0,8189.56,42216.1,6092.64,0.559023,0.513108,0.732066,0.769734,0.548484,0.669558
-8186.89,0.952665,0.559571,3,7,0,8188.79,42066.2,5877.48,0.595987,0.560857,0.721519,0.729284,0.552999,0.683421
-8188,0.973058,0.559571,3,7,0,8190.58,42357.2,5892.5,0.574375,0.470109,0.717562,0.752453,0.503283,0.648951
-8187.64,0.906826,0.559571,3,7,0,8193.82,42302.2,5688.59,0.589764,0.489021,0.718317,0.73698,0.496621,0.634986
-8187.15,0.94638,0.559571,3,7,0,8191.7,42516.1,6293.45,0.564311,0.557305,0.724691,0.752175,0.555767,0.701597
-8185.35,0.999199,0.559571,3,7,0,8188.6,42871.6,5968.59,0.57919,0.555621,0.718391,0.734622,0.532775,0.708783
-8185.84,0.628752,0.559571,3,7,0,8191.93,42884.3,5907.46,0.564535,0.513097,0.720578,0.753092,0.528984,0.644655
-8184.39,0.782646,0.559571,3,7,0,8192.8,41857,5854.98,0.589709,0.516156,0.721652,0.741176,0.528818,0.681099
-8188.17,0.887211,0.559571,2,7,0,8190.46,42634.5,5701.02,0.58741,0.568932,0.720107,0.742999,0.509685,0.679064
-8189.6,0.919718,0.559571,3,7,0,8193.09,42491.3,5604.89,0.578187,0.479723,0.74265,0.755754,0.550037,0.671597
-8186.91,1,0.559571,3,7,0,8190.22,42308.8,5577.31,0.577585,0.491777,0.730135,0.758449,0.548295,0.677489
-8188.13,0.881611,0.559571,3,7,0,8193.19,41866.5,6391.51,0.589665,0.558992,0.734774,0.754397,0.52589,0.638623
-8186.38,1,0.559571,3,7,0,8190.22,41715,6065.54,0.607756,0.544398,0.711452,0.756901,0.543809,0.678019
-8185.94,0.902768,0.559571,3,7,0,8188.98,42251.7,5646.28,0.548396,0.512261,0.736753,0.734067,0.524183,0.661546
-8190.33,0.826275,0.559571,3,7,0,8193.28,42385.5,5627.97,0.554711,0.476422,0.725248,0.732128,0.529313,0.601999
-8184.36,1,0.559571,3,7,0,8193.17,42127.3,5692.77,0.578573,0.536348,0.712055,0.728757,0.515806,0.661433
-8183.55,0.990419,0.559571,2,7,0,8185.55,42727,5855.92,0.579816,0.537931,0.716805,0.745038,0.521414,0.675893
-8183.39,0.904696,0.559571,3,7,0,8185.35,42059.2,5941.98,0.571905,0.510818,0.72247,0.738901,0.543133,0.656042
-8184.15,0.949929,0.559571,3,7,0,8185.48,41901.6,5980.42,0.591178,0.523325,0.734576,0.764529,0.524315,0.657939
-8186.64,0.88582,0.559571,3,7,0,8189.73,43003.7,5968.73,0.564536,0.490076,0.715092,0.740059,0.512961,0.704675
-8183.63,0.93404,0.559571,3,7,0,8188.34,42852.2,5774.3,0.566555,0.516697,0.721533,0.729791,0.531208,0.687815
-8185.3,0.715607,0.559571,3,7,0,8187.38,43019.7,5863.43,0.560675,0.501795,0.690416,0.721732,0.52225,0.657571
-8182.93,0.933617,0.559571,3,7,0,8187.56,42402.3,5789.01,0.583952,0.516189,0.723593,0.741488,0.53556,0.666728
-8184.18,0.783999,0.559571,2,3,0,8187.29,42475.9,5706.92,0.577872,0.500552,0.717094,0.755195,0.522973,0.679557
-8186.92,0.82259,0.559571,3,7,0,8188.13,42171.7,5533,0.585563,0.493204,0.718711,0.767695,0.527573,0.667654
-8185.64,0.971589,0.559571,3,7,0,8190.57,42795.9,5783.32,0.582847,0.492056,0.714489,0.721327,0.545874,0.672754
-8185.06,0.909058,0.559571,3,7,0,8190.58,42038.9,5927.41,0.570141,0.499456,0.730779,0.758342,0.511444,0.654189
-8189.21,0.693039,0.559571,3,7,0,8192.08,42737.4,6245.32,0.593205,0.498057,0.750383,0.737644,0.530386,0.672527
-8189.47,0.957382,0.559571,2,7,0,8193.04,42722.8,6254.52,0.590989,0.4873,0.735783,0.716864,0.527916,0.681583
-8187.43,0.889521,0.559571,3,7,0,8197.13,41832.3,5852.07,0.539553,0.537544,0.73678,0.750778,0.531256,0.641783
-8186.12,0.78277,0.559571,2,7,0,8192.69,42464.3,6217.38,0.555708,0.547168,0.734087,0.74052,0.526606,0.663981
-8186.9,0.961395,0.559571,2,7,0,8188.02,42734.3,6167.35,0.552764,0.554766,0.727527,0.737476,0.523463,0.659819
-8188.76,0.901994,0.559571,3,7,0,8193.13,41494.3,5915.78,0.56542,0.542888,0.693216,0.752639,0.514757,0.618593
-8189.48,0.823694,0.559571,3,7,0,8195.35,41196.4,5727.72,0.569191,0.529275,0.713653,0.756614,0.50291,0.633248
-8184.49,1,0.559571,3,7,0,8190.1,42576,6049.73,0.593846,0.525563,0.725752,0.743099,0.54461,0.686629
-8187.85,0.958184,0.559571,3,7,0,8188.97,42880.9,5515.09,0.549309,0.51259,0.696663,0.725329,0.497171,0.658713
-8186.6,0.994895,0.559571,3,7,0,8189.52,41784.2,6302.73,0.598762,0.540571,0.733137,0.76,0.558301,0.681474
-8183.93,0.932256,0.559571,3,7,0,8188.72,42202,6004.84,0.577834,0.543364,0.723098,0.756445,0.529405,0.649718
-8187.07,0.754303,0.559571,3,7,0,8187.88,42074.9,5888.73,0.576748,0.515711,0.715942,0.733524,0.545823,0.711533
-8189.27,0.967809,0.559571,3,7,0,8191.54,43412.7,5685.44,0.559184,0.545429,0.714451,0.717061,0.522946,0.64977
-8189.68,0.958076,0.559571,3,7,0,8194.92,42297.5,5713.58,0.562607,0.530352,0.705297,0.750962,0.484328,0.688721
-8186.8,0.976895,0.559571,2,7,0,8193.63,42418,6036.85,0.580578,0.53097,0.731443,0.782552,0.517248,0.671591
-8186.66,0.983755,0.559571,3,7,0,8190.45,42116.9,6007.19,0.595995,0.537122,0.734213,0.73613,0.566703,0.659574
-8190.43,0.718556,0.559571,3,7,0,8195.45,41629.3,6082.52,0.546769,0.563431,0.720158,0.775165,0.534014,0.691412
-8189.19,1,0.559571,3,7,0,8194.24,42143,5832.01,0.603487,0.486909,0.711568,0.706124,0.518132,0.654668
-8187.69,0.888335,0.559571,3,7,0,8192.89,42057,5860.37,0.56237,0.556708,0.742345,0.770657,0.546393,0.698673
-8190.08,0.857977,0.559571,3,7,0,8194.58,41877.9,6175.34,0.618967,0.517227,0.717516,0.741856,0.529541,0.61207
-8190.34,0.935225,0.559571,3,7,0,8195.98,41235,5839.85,0.57697,0.560251,0.74948,0.72794,0.559248,0.659718
-8190.27,0.949821,0.559571,3,7,0,8193.27,41846.9,6066.14,0.585173,0.491156,0.694009,0.769756,0.508705,0.679599
-8189.91,0.953983,0.559571,3,7,0,8196.52,41852.8,5637.88,0.57048,0.533395,0.700214,0.773815,0.551687,0.6999
-8186.25,1,0.559571,3,7,0,8192.93,42056.8,6049.04,0.570237,0.498274,0.738157,0.746369,0.506911,0.662748
-8183.4,1,0.559571,2,3,0,8186.82,42371.7,5871.38,0.578226,0.528981,0.723859,0.755574,0.516885,0.67253
-8185.22,0.786548,0.559571,2,7,0,8189,42061.3,5903.95,0.597096,0.509471,0.727536,0.750429,0.509025,0.671715
-8186.5,0.886672,0.559571,3,7,0,8189.82,42359.1,5874.4,0.570529,0.48412,0.743617,0.743735,0.54271,0.680272
-8187.6,0.504969,0.559571,3,7,0,8196.94,41808.8,5387.83,0.586623,0.517975,0.735816,0.744049,0.530303,0.658915
-8183.67,0.81951,0.559571,3,7,0,8192.69,42369.3,5855.13,0.573709,0.534222,0.72839,0.748653,0.534023,0.696217
-8186.03,0.786464,0.559571,2,3,0,8187.96,42179.2,5831.76,0.559563,0.535099,0.7368,0.759421,0.543929,0.702203
-8187.51,0.942437,0.559571,3,7,0,8190.48,42788.6,5944.94,0.56474,0.518107,0.678812,0.713725,0.517571,0.63782
-8185.3,0.998481,0.559571,3,7,0,8188.88,42400.1,5583.16,0.572412,0.505587,0.732327,0.756105,0.532842,0.676804
-8183.3,1,0.559571,3,7,0,8185.73,42335.7,5742.29,0.560793,0.510907,0.720335,0.747325,0.525954,0.662716
-8184.56,0.85459,0.559571,3,7,0,8185.66,42226.2,5721.28,0.562102,0.505663,0.711719,0.745388,0.516879,0.67878
-8184.6,0.907578,0.559571,3,7,0,8188.55,41830.4,5918.68,0.576497,0.537262,0.716774,0.754338,0.548017,0.631963
-8185.87,0.841483,0.559571,3,7,0,8189.39,43010.5,5981.57,0.590029,0.50542,0.713213,0.732454,0.50749,0.681029
-8185.33,0.92456,0.559571,3,7,0,8188.53,42219.1,5743.9,0.566694,0.549896,0.733284,0.752407,0.547739,0.667765
-8186.26,1,0.559571,3,7,0,8187.55,41746.3,6099.69,0.599506,0.496645,0.724196,0.757444,0.529403,0.63445
-8184.52,0.966531,0.559571,3,7,0,8188.09,41694.2,6076.15,0.592519,0.542196,0.736042,0.750656,0.539114,0.651274
-8183.89,0.861565,0.559571,3,7,0,8188.8,42393.7,5698.26,0.572656,0.498228,0.716764,0.75192,0.525024,0.6524
-8184.61,0.783609,0.559571,3,15,0,8186.88,42193.7,5956.6,0.578175,0.539758,0.73283,0.737661,0.541735,0.639328
-8185.01,0.913072,0.559571,3,7,0,8189.12,42518.6,5528.66,0.569638,0.511181,0.704535,0.744515,0.511164,0.668594
-8187,0.843708,0.559571,3,7,0,8190.19,43178.4,5588.07,0.555376,0.515816,0.700194,0.705713,0.537187,0.676485
-8184.06,0.852569,0.559571,3,7,0,8191.87,41876.7,5955.06,0.569045,0.53249,0.712695,0.756,0.522321,0.661571
-8191.69,0.72431,0.559571,2,7,0,8193.76,42370.5,6167.44,0.614834,0.542419,0.697703,0.788925,0.521038,0.676788
-8186.58,1,0.559571,3,7,0,8193.53,41606.8,5988.28,0.593199,0.527071,0.73886,0.725924,0.518245,0.660222
-8186.05,0.957917,0.559571,3,7,0,8190.02,42102.6,6235.18,0.568007,0.520372,0.731213,0.760057,0.51139,0.665173
-8186.81,0.986253,0.559571,3,7,0,8189.43,42442.2,5701.75,0.567772,0.549892,0.710613,0.743969,0.561131,0.685496
-8189.26,0.863765,0.559571,3,7,0,8192.72,42060.9,6202.65,0.585572,0.527632,0.716263,0.713766,0.514453,0.613966
-8183.72,0.918031,0.559571,3,7,0,8194.41,42590,5913.48,0.560414,0.530803,0.715679,0.733189,0.539259,0.688935
-8184.29,0.986772,0.559571,3,7,0,8185.18,42925.1,5882.08,0.555616,0.507855,0.710755,0.733449,0.538937,0.671267
-8187.07,0.841066,0.559571,3,7,0,8189.46,41089.7,5874.46,0.602567,0.509457,0.739093,0.75137,0.536765,0.639423
-8185.72,0.901342,0.559571,3,7,0,8190.63,42443.8,5979.48,0.57084,0.524302,0.720941,0.75111,0.52011,0.624005
-8185,1,0.559571,3,7,0,8187.2,41799.2,5993.32,0.57365,0.531382,0.735665,0.740541,0.541834,0.686931
-8184.84,0.948567,0.559571,2,7,0,8187.37,41649.6,5937.31,0.573982,0.522012,0.725035,0.746317,0.532515,0.677746
-8184.53,0.971933,0.559571,2,7,0,8187.37,42620.4,6003.39,0.574886,0.492982,0.713107,0.751198,0.52575,0.672638
-8184.56,0.823243,0.559571,3,7,0,8190.39,42041.9,5754.15,0.586537,0.543427,0.730734,0.747631,0.534975,0.641669
-8185.36,0.942488,0.559571,3,7,0,8188.49,43061.1,5933.88,0.560132,0.517364,0.703624,0.742199,0.537531,0.71047
-8186,0.866618,0.559571,3,7,0,8188.15,41412.4,5897.07,0.592651,0.52788,0.72412,0.755643,0.528284,0.61184
-8185.43,0.879484,0.559571,3,7,0,8188.55,42838.2,5970.66,0.563195,0.51862,0.728396,0.733543,0.542022,0.711013
-8187.85,0.910816,0.559571,3,7,0,8190.69,41807.6,6021.62,0.593662,0.572014,0.722726,0.759416,0.508224,0.660045
-8189.04,0.995311,0.559571,3,7,0,8191.81,41616.4,6146.95,0.579205,0.508833,0.75356,0.774977,0.574311,0.66042
-8186.84,0.971184,0.559571,3,7,0,8192.32,41977.2,5883.26,0.596253,0.546431,0.691873,0.738787,0.529806,0.631032
-8187.78,0.974078,0.559571,3,7,0,8190.75,41989.5,6313.7,0.575033,0.545656,0.754419,0.766401,0.550895,0.700925
-8188.25,0.913405,0.559571,3,7,0,8191.53,41605.2,6031.57,0.620371,0.556737,0.719075,0.757831,0.550475,0.666526
-8185.7,0.994371,0.559571,3,7,0,8190.26,42364.8,6062.52,0.599251,0.533552,0.726038,0.761274,0.552914,0.693407
-8187.67,0.894255,0.559571,3,7,0,8191.45,42589.7,5636.91,0.540695,0.504773,0.728011,0.727399,0.512671,0.639281
-8185.74,0.941017,0.559571,3,7,0,8192.52,41738.5,5894.61,0.605855,0.522806,0.713506,0.748914,0.517412,0.663281
-8188.64,0.866779,0.559571,3,7,0,8191.22,41836.3,6114.12,0.597956,0.485779,0.697323,0.748985,0.523446,0.629663
-8185.74,0.884547,0.559571,3,7,0,8193.25,42486.9,6143.62,0.583915,0.559285,0.729566,0.728412,0.523639,0.680147
-8185.82,0.9366,0.559571,3,7,0,8188.37,42441.3,6093.72,0.573762,0.513467,0.731794,0.763579,0.538197,0.708962
-8185.9,0.988693,0.559571,3,7,0,8188.72,42396.6,5836.7,0.580082,0.507952,0.721367,0.738365,0.561428,0.696958
-8182.98,0.998266,0.559571,2,7,0,8186.5,42295.7,5845.45,0.581528,0.511544,0.719323,0.738781,0.538982,0.653975
-8182.89,0.969691,0.559571,2,7,0,8183.89,42533.5,5808.7,0.577347,0.518775,0.720254,0.742837,0.52012,0.664433
-8186.33,0.750437,0.559571,2,3,0,8187.61,42802.8,5527.82,0.561177,0.511346,0.715227,0.731163,0.525085,0.70501
-8186.85,0.987804,0.559571,3,7,0,8190.15,42713.2,6394.53,0.576351,0.544222,0.702267,0.744307,0.531728,0.677704
-8185.5,1,0.559571,3,7,0,8189.63,42572.3,5555.53,0.559552,0.537727,0.719226,0.740723,0.517539,0.682221
-8186.62,0.924363,0.559571,3,7,0,8189.96,42047.7,5475.05,0.559247,0.515563,0.696249,0.750726,0.52762,0.644787
-8185.93,0.936785,0.559571,3,7,0,8189.08,42997,6197.55,0.584727,0.51971,0.723763,0.734194,0.537143,0.67472
-8186.12,0.883942,0.559571,3,7,0,8190.64,42953.9,6011.16,0.598251,0.524101,0.724952,0.73672,0.518853,0.672688
-8184.81,1,0.559571,3,7,0,8187.71,41803.8,5722.58,0.561617,0.511496,0.715706,0.756122,0.521822,0.656052
-8185.18,0.908435,0.559571,2,7,0,8189.23,42503.2,5846.1,0.599106,0.531223,0.718062,0.71853,0.535215,0.673081
-8186.71,0.90035,0.559571,3,7,0,8187.76,42322.1,5981.8,0.558235,0.526964,0.729977,0.780224,0.526368,0.654641
-8185.76,0.970847,0.559571,3,7,0,8191.3,42545.9,5846.86,0.600919,0.539155,0.727903,0.735476,0.544721,0.668507
-8185.25,0.990345,0.559571,3,7,0,8188.4,42489,5848.61,0.602572,0.529878,0.729386,0.73135,0.526037,0.663706
-8189.61,0.874285,0.559571,3,7,0,8191.84,42901.8,6256.81,0.556933,0.522331,0.714974,0.740687,0.556186,0.731665
-8188.12,0.98749,0.559571,3,7,0,8192.9,41712.7,5589.07,0.60097,0.490633,0.709798,0.758482,0.515322,0.63776
-8188.13,0.932435,0.559571,3,7,0,8190.84,42777.7,6319.53,0.557738,0.553835,0.722942,0.719604,0.547894,0.688266
-8191.52,0.843542,0.559571,2,3,0,8192.66,43064.2,6442.67,0.547633,0.546445,0.72458,0.709985,0.549981,0.68059
-8188.95,1,0.559571,3,7,0,8194.81,41902.8,5749.95,0.603146,0.533209,0.718396,0.780107,0.530682,0.706156
-8186.56,1,0.559571,3,7,0,8189.93,42371.5,5953.9,0.54702,0.521178,0.708204,0.715637,0.53564,0.635791
-8184.4,0.750882,0.559571,2,7,0,8190.42,42850.7,5914.49,0.589925,0.51643,0.712342,0.729033,0.518477,0.688013
-8184.83,0.862685,0.559571,3,7,0,8187.62,42035.4,5887.91,0.551844,0.533685,0.711077,0.74321,0.531881,0.669944
-8185.37,0.708117,0.559571,2,3,0,8191.19,42506.7,5828.41,0.569295,0.551933,0.71004,0.736342,0.532826,0.637968
-8184.57,1,0.559571,3,7,0,8186.86,42082.8,5855.19,0.579143,0.48733,0.714571,0.739698,0.528676,0.664733
-8183.71,0.970863,0.559571,3,7,0,8186.82,42679.9,5884.24,0.587266,0.528594,0.718817,0.745509,0.537569,0.67067
-8186.58,0.78701,0.559571,2,7,0,8189.35,42425.9,6127.86,0.589751,0.552416,0.750931,0.74212,0.531795,0.675747
-8187.35,0.769092,0.559571,3,7,0,8194.45,42049.8,5713.99,0.589596,0.560419,0.747727,0.742875,0.541457,0.675125
-8187.75,0.971756,0.559571,3,7,0,8190.82,42442.4,6043.31,0.57382,0.474996,0.696502,0.754856,0.526792,0.643294
-8186.57,0.984601,0.559571,3,7,0,8190.44,42368.8,6250.75,0.567556,0.556126,0.711024,0.768673,0.529001,0.667624
-8187.01,0.948642,0.559571,3,7,0,8190.92,41837.7,5584.01,0.577526,0.501739,0.718995,0.71792,0.511559,0.634988
-8184.98,1,0.559571,3,7,0,8188.58,42872.5,5726.1,0.560864,0.512949,0.709665,0.756685,0.535878,0.672902
-8185.47,0.890106,0.559571,3,7,0,8187.32,42730.8,5954.67,0.589735,0.537697,0.727331,0.736621,0.519748,0.652906
-8184.04,0.999432,0.559571,3,15,0,8186.33,42448.3,5688.09,0.564546,0.497531,0.703158,0.739517,0.53241,0.670075
-8183.51,0.962,0.559571,3,7,0,8186.37,42236.1,6016.24,0.566998,0.529229,0.714141,0.757508,0.539327,0.664752
-8184.65,0.885692,0.559571,3,7,0,8185.79,42624.1,5809.76,0.590897,0.503947,0.726903,0.727095,0.529454,0.66039
-8184.78,0.985447,0.559571,3,7,0,8186.63,42514,5717.52,0.560397,0.543958,0.718727,0.753288,0.534063,0.661071
-8186.16,0.967153,0.559571,3,7,0,8187.09,42244.8,5923.99,0.575104,0.479316,0.712038,0.724402,0.52741,0.667081
-8184.62,0.993958,0.559571,3,7,0,8187.68,41868.8,5823.32,0.571996,0.555745,0.720061,0.747147,0.531418,0.665415
-8186.08,0.769955,0.559571,3,7,0,8189.99,42105.7,5802.06,0.596863,0.558961,0.727503,0.756795,0.525698,0.655552
-8188.89,0.702915,0.559571,3,7,0,8193.5,41776.2,6218.32,0.574563,0.525378,0.695329,0.729888,0.544347,0.676623
-8186.53,0.914135,0.559571,3,7,0,8192.69,42053.8,5732.09,0.582938,0.525555,0.743262,0.713395,0.524579,0.670822
-8186.34,0.878927,0.559571,3,7,0,8191.05,42513.1,5526.02,0.570116,0.503861,0.702264,0.753138,0.510222,0.641349
-8187.18,0.879878,0.559571,3,7,0,8190.65,42007,5988.19,0.574036,0.550305,0.741169,0.764255,0.5622,0.703566
-8185.8,0.980725,0.559571,3,7,0,8190.38,41392.2,6094.78,0.5937,0.51927,0.722394,0.747444,0.531006,0.633592
-8185.36,0.965142,0.559571,3,7,0,8187.59,41275.2,5981.28,0.592699,0.518056,0.732571,0.754781,0.534364,0.648519
-8186.49,0.966278,0.559571,3,7,0,8187.72,41230.1,5965.75,0.593334,0.513188,0.750861,0.757474,0.550836,0.639413
-8185.64,0.949623,0.559571,3,7,0,8189.07,42026.4,5825.27,0.604612,0.549022,0.727015,0.758455,0.536185,0.681273
-8184.2,0.970753,0.559571,3,7,0,8187.63,42119.6,5910.9,0.575678,0.500969,0.731167,0.746321,0.532378,0.636472
-8189.28,0.705072,0.559571,2,3,0,8190.66,42022.4,5711.32,0.546677,0.507651,0.756216,0.731902,0.526239,0.674678
-8184.19,1,0.559571,3,7,0,8190.72,42676.4,5879.54,0.577528,0.507309,0.70806,0.730324,0.531214,0.641605
-8184.27,0.740241,0.559571,3,7,0,8189.17,41934.7,5913.33,0.571885,0.531626,0.722023,0.743901,0.526557,0.686041
-8189.74,0.83186,0.559571,2,7,0,8192.78,42597.3,6104.2,0.587401,0.590567,0.706168,0.757942,0.54403,0.698476
-8188.92,1,0.559571,3,7,0,8192.28,42112.3,5793.62,0.571096,0.473939,0.746223,0.728444,0.526494,0.624715
-8185.03,0.984069,0.559571,3,7,0,8191.66,42468.1,6043.63,0.566094,0.536593,0.716177,0.74955,0.54779,0.706185
-8187.07,0.877849,0.559571,3,7,0,8189.32,42596.2,6092.62,0.550908,0.552815,0.71388,0.754563,0.509609,0.658697
-8186.58,1,0.559571,3,7,0,8188.41,42453.1,5687.19,0.592959,0.483373,0.721277,0.743258,0.546513,0.675735
-8183.19,1,0.559571,2,3,0,8187.46,42188.7,5714.96,0.576379,0.519742,0.718834,0.756775,0.535037,0.662257
-8185.44,0.684621,0.559571,3,7,0,8189.17,42376.6,6080.64,0.593962,0.517456,0.734628,0.749291,0.540579,0.648826
-8184.19,0.994444,0.559571,3,7,0,8187.24,42105.5,5856.66,0.581592,0.496029,0.713141,0.730624,0.536199,0.64361
-8184.8,0.827289,0.559571,3,7,0,8187.85,42096.4,5906.62,0.586613,0.540301,0.719964,0.746489,0.507655,0.678115
-8184.05,0.90437,0.559571,3,7,0,8189.4,41797.9,6053.72,0.573963,0.521858,0.727931,0.748689,0.544829,0.668953
-8184.35,0.950407,0.559571,3,7,0,8185.84,42572.6,5838.99,0.563426,0.510446,0.697331,0.729872,0.512654,0.670721
-8183.62,0.981639,0.559571,3,7,0,8185.96,42584.3,5802.8,0.57412,0.50216,0.706211,0.733544,0.516605,0.654132
-8183.4,0.975654,0.559571,3,7,0,8184.65,42521.8,5814.52,0.580364,0.506688,0.716787,0.74089,0.518775,0.653253
-8186.09,0.592526,0.559571,2,3,0,8191.29,42403.5,5835.34,0.593974,0.489508,0.720617,0.734723,0.522788,0.693039
-8185.27,1,0.559571,3,7,0,8188.72,42193.9,5843.45,0.593348,0.524365,0.732319,0.764723,0.519963,0.693162
-8185.29,0.989129,0.559571,3,7,0,8187.82,42354.2,5812.53,0.551442,0.519032,0.707928,0.724378,0.520455,0.631508
-8185.03,0.634869,0.559571,3,15,0,8190.74,42836.2,5713.29,0.5883,0.519727,0.709804,0.730823,0.506332,0.673559
-8185.02,0.892641,0.559571,3,7,0,8188.29,42952.3,6145.04,0.569182,0.536208,0.714785,0.737173,0.521429,0.705325
-8189.24,0.298008,0.559571,2,3,0,8193.43,43586.6,6000.53,0.581776,0.537614,0.712051,0.752272,0.531857,0.680956
-8183.47,0.968031,0.559571,2,7,0,8190.87,42485.9,5714.94,0.583496,0.509789,0.710814,0.742022,0.531722,0.682466
-8184.6,0.927898,0.559571,3,7,0,8185.98,42885.1,5750.41,0.569861,0.539703,0.702756,0.718287,0.533725,0.673659
-8185.45,0.885692,0.559571,3,7,0,8187.41,42761.2,5596.34,0.56495,0.530671,0.715633,0.750809,0.537318,0.693576
-8187.71,0.909349,0.559571,3,7,0,8190.26,42061.7,6169.55,0.56259,0.480851,0.727674,0.758371,0.520756,0.660814
-8187.19,0.940114,0.559571,3,7,0,8192.28,42229.6,6294.43,0.577366,0.506617,0.699878,0.74749,0.550858,0.674621
-8187.66,0.998234,0.559571,3,7,0,8191.02,42745.8,5825.03,0.584126,0.554044,0.738373,0.735133,0.533732,0.720921
-8183.91,0.68128,0.559571,2,7,0,8199.9,42066.8,6023.8,0.579415,0.533403,0.743105,0.746713,0.529512,0.670617
-8184.76,0.954619,0.559571,3,7,0,8186.09,42414.3,5636.69,0.569891,0.502544,0.690419,0.736035,0.535244,0.659107
-8184.78,0.918764,0.559571,3,7,0,8187.95,41959,5938.31,0.567958,0.530111,0.742243,0.755841,0.536406,0.638135
-8185.05,0.967129,0.559571,3,7,0,8186.76,41745.7,5777.85,0.568591,0.53106,0.748356,0.753779,0.535948,0.652805
-8186.84,0.724971,0.559571,3,7,0,8189.54,41643.5,6049.56,0.593765,0.517907,0.694781,0.74623,0.539019,0.663917
-8186.31,0.998958,0.559571,3,7,0,8189.22,41662.3,5868.85,0.568609,0.537291,0.740442,0.736523,0.52891,0.683493
-8186.31,0.999271,0.559571,3,7,0,8188.22,41988.1,5841.15,0.57446,0.511494,0.682879,0.751283,0.5304,0.666186
-8187.62,0.925716,0.559571,3,7,0,8191.37,42549.1,5694.23,0.535148,0.523731,0.692561,0.748524,0.529913,0.651034
-8184.88,0.995513,0.559571,3,7,0,8190.18,42106.4,5994.68,0.597631,0.510558,0.736048,0.748006,0.531495,0.687633
-8183.67,0.997586,0.559571,3,7,0,8186.01,42315.9,5958.63,0.576956,0.535359,0.729715,0.730274,0.5341,0.653801
-8183.72,0.969712,0.559571,3,7,0,8185.36,42628.7,5749.62,0.568809,0.509086,0.704982,0.745786,0.527757,0.688391
-8184.71,0.741123,0.559571,3,15,0,8187.92,41647.5,6050.52,0.583781,0.524339,0.724894,0.7443,0.549508,0.668273
-8186.88,0.964381,0.559571,3,7,0,8188.55,42934.1,5842.26,0.551898,0.516861,0.704837,0.705594,0.503602,0.674508
-8185.24,0.979807,0.559571,3,7,0,8188.64,42477.3,5758.52,0.584735,0.526509,0.713148,0.766866,0.544153,0.664344
-8184.79,0.986186,0.559571,3,7,0,8187.98,42100.2,5966.32,0.586594,0.52568,0.715748,0.775663,0.545347,0.669395
-8184.77,0.968921,0.559571,3,7,0,8187.29,42175,5891.64,0.565684,0.538707,0.69888,0.754829,0.529204,0.681799
-8187.97,0.881411,0.559571,2,7,0,8189.34,43176.8,5908.7,0.551222,0.561868,0.704819,0.750495,0.52898,0.677874
-8186.91,0.965257,0.559571,3,7,0,8190.96,42343.2,5838.55,0.606678,0.495383,0.721068,0.72425,0.515484,0.664527
-8186.99,0.94709,0.559571,3,7,0,8190.2,42206.5,5871.97,0.537771,0.538896,0.725778,0.760653,0.540834,0.667196
-8192.53,0.864542,0.559571,3,7,0,8195.48,42333.1,5741.24,0.617596,0.48265,0.706097,0.713483,0.518453,0.688223
-8186.45,1,0.559571,3,7,0,8195.36,41660.2,6095.64,0.568906,0.541579,0.727261,0.767327,0.546327,0.693849
-8185.34,1,0.559571,3,7,0,8187.72,42984.4,5727.35,0.574611,0.507657,0.699429,0.708097,0.516893,0.668004
-8192.07,0.510573,0.559571,2,3,0,8194.54,42396.9,5647.98,0.552685,0.496826,0.692813,0.694769,0.496635,0.658123
-8183.98,0.991373,0.559571,3,7,0,8194.6,42888.9,5883.31,0.561839,0.528821,0.71229,0.751763,0.531985,0.679791
-8183.13,0.991516,0.559571,3,7,0,8185.3,42087,5854.09,0.58789,0.517856,0.723168,0.736109,0.534062,0.651784
-8185.08,0.690014,0.559571,3,7,0,8190.81,42876.4,5606.59,0.562112,0.510258,0.697252,0.738276,0.524397,0.69186
-8184.34,0.805259,0.559571,3,7,0,8189.82,42548.9,5919.41,0.572613,0.537207,0.72345,0.729075,0.544315,0.652476
-8183.83,0.805394,0.559571,2,3,0,8187.76,42295.4,5965.05,0.568884,0.526781,0.720839,0.725589,0.530149,0.680817
-8185.63,0.96955,0.559571,3,7,0,8187.07,41637.2,5834.33,0.603043,0.524038,0.715252,0.762733,0.538418,0.630395
-8185.46,0.890344,0.559571,3,7,0,8190.09,42740,5856.99,0.549993,0.542391,0.718588,0.748468,0.525008,0.700468
-8185.26,0.912727,0.559571,3,7,0,8189.09,42077.4,6166.36,0.590202,0.501173,0.721301,0.752753,0.523101,0.658022
-8184.19,0.989886,0.559571,3,7,0,8187.56,42053.9,5767.58,0.577138,0.542421,0.728913,0.732337,0.545149,0.663572
-8184.18,0.93782,0.559571,3,7,0,8187.15,42282.2,6095.79,0.581017,0.511942,0.713551,0.75729,0.523058,0.675598
-8190.67,0.637988,0.559571,2,3,0,8192.82,41796.5,6198.71,0.585792,0.482519,0.740397,0.786883,0.509125,0.659423
-8184.3,0.981298,0.559571,3,7,0,8193.2,42554.8,5740.17,0.563173,0.535873,0.718465,0.717111,0.525087,0.671712
-8187.2,0.787284,0.559571,3,7,0,8189.19,42092,6153.06,0.593455,0.542196,0.725146,0.785697,0.525071,0.655248
-8185.86,0.978873,0.559571,3,7,0,8189.56,41495,6024.69,0.575755,0.519113,0.750773,0.755527,0.528532,0.668193
-8185.76,0.921585,0.559571,3,7,0,8189.16,42335.3,5870.96,0.581896,0.528659,0.685872,0.731464,0.53533,0.684526
-8184.02,1,0.559571,3,7,0,8186.45,42640.8,5849.59,0.56809,0.503915,0.733696,0.739225,0.529736,0.66868
-8184.29,0.938278,0.559571,3,7,0,8186.39,42271,6021.17,0.573909,0.516388,0.711394,0.769168,0.52894,0.67304
-8187.92,0.814,0.559571,3,7,0,8190.12,42892,5772.52,0.57375,0.475968,0.71413,0.762776,0.524813,0.681889
-8184.93,0.983674,0.559571,3,7,0,8190.45,42123.4,5969.79,0.578545,0.55715,0.721426,0.748877,0.52844,0.641719
-8184,0.999766,0.559571,3,7,0,8186.39,42617.3,5890.85,0.56371,0.523562,0.71705,0.72449,0.536805,0.692627
-8188.25,0.764921,0.559571,2,3,0,8188.86,42930.2,5698.66,0.541594,0.538118,0.728446,0.715156,0.542093,0.677082
-8186.47,0.992697,0.559571,3,7,0,8190.82,42197.4,5924.7,0.571728,0.511903,0.699046,0.76097,0.499177,0.651103
-8184.93,1,0.559571,3,7,0,8188.35,42393.4,5808.05,0.594585,0.492854,0.720348,0.730026,0.533499,0.654281
-8185.98,0.972409,0.559571,3,7,0,8188.19,42667.2,5907.35,0.577606,0.494909,0.68326,0.736209,0.53549,0.673452
-8185.68,0.942102,0.559571,3,7,0,8188.31,42071.7,5845.24,0.556902,0.55155,0.73491,0.737327,0.52759,0.67986
-8189.56,0.741077,0.559571,3,7,0,8192.99,42773.7,5855.92,0.579386,0.526086,0.667225,0.743016,0.543226,0.635417
-8188.54,1,0.559571,3,7,0,8191.61,42055.4,5790,0.572672,0.51229,0.766066,0.750521,0.512362,0.672781
-8185.07,0.954976,0.559571,3,7,0,8191.82,42112.2,5787.49,0.575926,0.503779,0.749628,0.748297,0.534023,0.663923
-8187.92,0.903904,0.559571,2,7,0,8189.74,41650.1,5742.35,0.588774,0.468407,0.730771,0.755165,0.533268,0.645538
-8184.57,0.993903,0.559571,2,7,0,8189.21,42266.4,5749.86,0.594508,0.501609,0.724506,0.754263,0.538724,0.673143
-8188.58,0.594748,0.559571,2,3,0,8193.18,42455.2,5720.93,0.579115,0.48083,0.726283,0.777209,0.530264,0.681658
-8187.13,0.974468,0.559571,3,7,0,8193.36,42578.1,5836.07,0.562917,0.544449,0.70177,0.706872,0.549214,0.653684
-8189.34,0.777022,0.559571,3,7,0,8192.62,42373.1,5964.27,0.591876,0.501089,0.737438,0.788129,0.514688,0.67559
-8186.05,0.909316,0.559571,3,7,0,8191.75,41922,5937.67,0.585243,0.535111,0.729989,0.722344,0.548363,0.627962
-8190.11,0.68946,0.559571,2,3,0,8191.66,42280.9,6092.58,0.594027,0.534877,0.724305,0.722732,0.555492,0.611103
-8187.4,1,0.559571,3,7,0,8193.59,41323.2,5815.16,0.589833,0.537446,0.715502,0.771465,0.515671,0.662077
-8187.91,0.949782,0.559571,3,7,0,8192.65,42611.1,5756.26,0.590982,0.506258,0.718789,0.764151,0.560897,0.686439
-8188.12,0.93231,0.559571,3,7,0,8194.27,41653.6,5545.75,0.579739,0.512109,0.692998,0.73539,0.518788,0.654989
-8184.55,0.970434,0.559571,3,7,0,8193.34,42825.4,5825.84,0.556426,0.513678,0.710778,0.719277,0.537607,0.655676
-8184.73,0.983655,0.559571,3,7,0,8186.4,42037.3,6064.77,0.599292,0.540545,0.727125,0.763456,0.526373,0.67544
-8187.76,0.759358,0.559571,3,7,0,8189.67,42037.2,5938.99,0.546074,0.526872,0.748992,0.759513,0.547428,0.688959
-8186.9,1,0.559571,3,7,0,8189.94,42387,5848.43,0.597318,0.534303,0.681158,0.739122,0.522447,0.648517
-8186.38,0.9965,0.559571,3,7,0,8191.67,42083,6051.61,0.587924,0.54936,0.691394,0.75208,0.527094,0.642646
-8185.05,0.990948,0.559571,3,7,0,8187.72,42828.3,5850.97,0.55796,0.514165,0.73529,0.74141,0.527878,0.694846
-8186.71,0.88137,0.559571,3,7,0,8189.17,41572.1,6025.66,0.592945,0.539551,0.696112,0.761207,0.540067,0.633644
-8187.14,0.65635,0.559571,3,7,0,8194.93,43047.8,5817.41,0.565429,0.502319,0.741779,0.7306,0.527074,0.663674
-8185.94,0.991855,0.559571,3,7,0,8188.61,42147.5,6006.01,0.586948,0.555654,0.69514,0.758602,0.533806,0.678074
-8186.74,0.896418,0.559571,3,7,0,8188.55,42368.4,5728.75,0.567434,0.492955,0.745103,0.735929,0.5371,0.639606
-8188.01,0.940173,0.559571,3,7,0,8191.31,41871.5,5555.53,0.59159,0.495327,0.698581,0.718107,0.529858,0.650239
-8190.01,0.610586,0.559571,3,7,0,8198.04,42150.6,6459.74,0.608741,0.499156,0.732775,0.757237,0.533527,0.653186
-8191.43,0.919374,0.559571,3,7,0,8195.13,42424.7,6387.35,0.596662,0.488069,0.726474,0.772204,0.540125,0.64194
-8191.5,1,0.559571,3,7,0,8196.41,42438.7,5663.9,0.53501,0.561366,0.701005,0.721422,0.535843,0.691268
-8189.28,1,0.559571,3,7,0,8194.68,42193,6280.69,0.614109,0.511099,0.729377,0.769408,0.511864,0.677756
-8186.64,0.999439,0.559571,3,7,0,8192.1,41865.7,6176.95,0.586895,0.558431,0.733161,0.779356,0.522248,0.675977
-8186.82,0.907356,0.559571,3,7,0,8190.38,42265,5664.81,0.581736,0.494248,0.727152,0.732126,0.541681,0.61806
-8187.59,0.974262,0.559571,3,7,0,8191.04,41560.3,6143.66,0.602815,0.543184,0.709298,0.766733,0.544586,0.687476
-8187.85,0.952596,0.559571,3,7,0,8194.82,42302.4,5875.33,0.568022,0.491318,0.705268,0.699376,0.520831,0.64949
-8192.68,0.806944,0.559571,3,7,0,8196.2,41327.3,6167.3,0.587575,0.54166,0.74093,0.778299,0.502458,0.707958
-8185.34,1,0.559571,3,7,0,8194.52,42074.3,5718.69,0.585829,0.5194,0.715189,0.741535,0.543077,0.618044
-8188.12,0.809922,0.559571,3,7,0,8191.71,42234.1,5725.37,0.584239,0.519212,0.7467,0.70636,0.513468,0.661777
-8190.38,0.964175,0.559571,3,7,0,8192.15,43189,6065.06,0.558115,0.526219,0.677186,0.768647,0.542595,0.695359
-8186.46,0.779079,0.559571,3,7,0,8194.41,43178.1,5820.96,0.575726,0.532444,0.694925,0.747775,0.528905,0.658634
-8184.72,0.98463,0.559571,3,7,0,8188.6,42853.3,5833.49,0.564374,0.531234,0.695939,0.751294,0.514658,0.676048
-8186.62,0.86646,0.559571,3,7,0,8188.75,42095.4,6012.97,0.555957,0.494318,0.732151,0.727791,0.52917,0.632999
-8185.85,0.810431,0.559571,3,7,0,8194.89,41929.5,6008.67,0.602671,0.549431,0.709647,0.761965,0.53676,0.682997
-8186.15,0.875853,0.559571,3,7,0,8190.54,42073.4,5599.38,0.599499,0.508835,0.737765,0.747638,0.523142,0.668321
-8187.74,0.96179,0.559571,3,7,0,8190.6,42843,5992,0.545332,0.528945,0.683833,0.727397,0.547933,0.680725
-8184.89,0.978499,0.559571,3,7,0,8189.89,42454.2,5753.22,0.580846,0.498865,0.733361,0.731144,0.526939,0.64329
-8186.19,0.95544,0.559571,3,7,0,8187.83,42910.6,6022.56,0.572714,0.547226,0.69435,0.753445,0.541759,0.671172
-8189.89,0.808552,0.559571,3,7,0,8194.48,42395.4,5847.36,0.604376,0.515905,0.750479,0.740223,0.498856,0.694095
-8188.5,0.930118,0.559571,2,7,0,8193.51,42883.4,6178.25,0.604179,0.523275,0.735521,0.744426,0.514062,0.709256
-8187.24,0.926385,0.559571,3,7,0,8192.07,41876.4,6245.88,0.573138,0.573806,0.723903,0.748536,0.546486,0.682106
-8186.49,0.898465,0.559571,3,7,0,8191.88,42395.7,5704.85,0.591401,0.480936,0.702264,0.745139,0.539415,0.674841
-8190.47,0.745811,0.559571,3,7,0,8193.83,42525.4,5690.23,0.52417,0.547769,0.71032,0.734364,0.528097,0.64149
-8185.06,0.981482,0.559571,3,7,0,8193.54,41791.7,5824.29,0.584033,0.492479,0.740993,0.749237,0.537509,0.656062
-8187.73,0.894803,0.559571,3,7,0,8189.94,42756.9,5758.54,0.567053,0.53992,0.684595,0.738388,0.498553,0.643698
-8188.43,0.884208,0.559571,3,7,0,8193.11,42526.7,6042.12,0.560186,0.528063,0.707433,0.745956,0.494275,0.705798
-8187.55,0.948109,0.559571,3,7,0,8192.8,41557.7,5731.51,0.57949,0.505206,0.702877,0.728377,0.556876,0.643007
-8189.01,0.878444,0.559571,3,7,0,8194.05,42045.7,5931.26,0.580194,0.53166,0.733381,0.79914,0.553892,0.670243
-8190.02,0.999443,0.559571,3,7,0,8193.74,41626.6,6386.59,0.607923,0.57147,0.747666,0.747535,0.54059,0.64366
-8188.84,0.985122,0.559571,3,7,0,8192.17,42731.7,5497.59,0.552053,0.486191,0.705494,0.761482,0.528067,0.671444
-8186.36,0.883255,0.559571,2,3,0,8193.78,42753.2,5811.08,0.56646,0.47619,0.706631,0.722289,0.528539,0.681657
-8186.92,0.917301,0.559571,3,7,0,8190.25,42619.1,6036.74,0.578244,0.499339,0.678475,0.742387,0.529692,0.653197
-8187.04,0.96975,0.559571,3,7,0,8191.06,41953.2,6363.42,0.56759,0.546693,0.728347,0.734651,0.536754,0.654423
-8186.12,1,0.559571,3,7,0,8187.84,42427.2,5483.56,0.580139,0.501111,0.714362,0.734783,0.524608,0.690555
-8188.56,0.84119,0.559571,3,7,0,8192.01,42975.9,6298.22,0.565463,0.498053,0.698439,0.731598,0.523792,0.648212
-8188.32,0.820656,0.559571,3,7,0,8196.26,43081.9,5506.38,0.565963,0.551766,0.714436,0.723998,0.512986,0.67586
-8189.29,0.911137,0.559571,3,7,0,8193.21,42580.8,6438.06,0.571502,0.506119,0.70396,0.752893,0.543797,0.705508
-8193.16,0.766175,0.559571,3,7,0,8200.14,42551.2,6703.9,0.573943,0.521924,0.702349,0.73117,0.56203,0.683917
-8191.39,0.991117,0.559571,3,7,0,8198.69,41917.4,5589.43,0.563496,0.525478,0.747916,0.793025,0.540144,0.669016
-8192.84,0.933006,0.559571,3,7,0,8196.45,43246.8,6115.27,0.591532,0.508669,0.697591,0.700899,0.529704,0.624497
-8187.9,0.910814,0.559571,3,15,0,8195.95,42360.5,5808.59,0.567136,0.536839,0.734426,0.785533,0.539942,0.669957
-8185.31,0.924164,0.559571,3,7,0,8191.49,42085.7,6016.81,0.595929,0.535208,0.721783,0.764986,0.514061,0.651244
-8186.63,0.852943,0.559571,3,7,0,8192.57,43286.8,6037.99,0.566446,0.518217,0.696512,0.743551,0.549393,0.691918
-8184.67,1,0.559571,3,7,0,8188.02,42159.4,5839.62,0.581776,0.541113,0.738372,0.739103,0.513791,0.675032
-8194.01,0.403226,0.559571,3,7,0,8196.23,42566,5898.25,0.575163,0.516399,0.781922,0.748279,0.517962,0.658855
-8188.06,1,0.559571,3,7,0,8197.33,42272.9,5974.73,0.581777,0.530152,0.671102,0.756785,0.544595,0.66112
-8189.07,0.90475,0.559571,3,7,0,8195.42,40821.9,6120.38,0.582701,0.550549,0.75804,0.76448,0.541588,0.627436
-8185,0.984375,0.559571,3,7,0,8191.19,42034.2,5891.88,0.596799,0.506706,0.725308,0.758456,0.525664,0.635869
-8184.97,0.836406,0.559571,3,7,0,8192.3,42201.3,6064.39,0.563177,0.53723,0.731872,0.748658,0.552778,0.689692
-8185.31,0.982017,0.559571,3,7,0,8186.97,42316.9,6139.22,0.564238,0.541877,0.741864,0.758741,0.527662,0.670346
-8183.88,0.97907,0.559571,3,7,0,8187.74,42398.8,5769.61,0.594271,0.522935,0.703839,0.736405,0.533063,0.663442
-8185.02,0.970656,0.559571,3,7,0,8186.35,42973.9,5828.54,0.552864,0.50174,0.706853,0.738152,0.511551,0.679785
-8183.74,0.998597,0.559571,3,7,0,8186.39,42530.8,5805.07,0.587189,0.533003,0.713698,0.727048,0.519771,0.664074
-8187.1,0.777324,0.559571,3,7,0,8188.57,42119.2,6150.74,0.555453,0.507399,0.711158,0.775219,0.538828,0.649947
-8185.11,0.929153,0.559571,3,7,0,8191.92,42044.4,5861.98,0.592689,0.520123,0.716526,0.72215,0.518092,0.635751
-8185.27,0.825835,0.559571,3,7,0,8191.03,42759.9,5576.88,0.55377,0.497442,0.710317,0.74038,0.520669,0.672202
-8184.31,0.847174,0.559571,2,3,0,8188.31,42532.8,5750.03,0.568888,0.500623,0.697603,0.745755,0.521489,0.678103
-8185.07,0.962678,0.559571,3,7,0,8186.97,42360.5,5931.44,0.562046,0.553535,0.7371,0.748809,0.523953,0.669308
-8184.74,0.997071,0.559571,3,7,0,8186.45,42737.3,5833.69,0.576798,0.495909,0.697382,0.730887,0.523288,0.685456
-8183.92,0.988362,0.559571,3,7,0,8186.2,42516.7,5861.57,0.579075,0.547212,0.726516,0.746632,0.539266,0.683489
-8185.9,0.845611,0.559571,3,7,0,8188.94,42597.1,5831.09,0.566682,0.514317,0.710741,0.733961,0.491275,0.655745
-8187.64,0.880839,0.559571,3,7,0,8190.21,42052.2,5776.4,0.594061,0.505217,0.721704,0.741536,0.573167,0.651992
-8186.81,0.998281,0.559571,3,7,0,8189.62,42442.1,5883.47,0.56718,0.544037,0.723893,0.764364,0.497925,0.664039
-8184.55,1,0.559571,3,7,0,8189.13,41568.3,5754.75,0.576032,0.525448,0.733631,0.750836,0.52291,0.643475
-8184.31,0.886268,0.559571,3,7,0,8188.37,42470.8,6085.23,0.584961,0.512822,0.715096,0.751754,0.54717,0.67082
-8184.09,0.903212,0.559571,3,7,0,8186.68,42093,5925.13,0.582457,0.538436,0.743317,0.752794,0.53683,0.66131
-8183.91,0.91691,0.559571,3,7,0,8187.66,42657,6078.54,0.58127,0.530801,0.708373,0.750837,0.537478,0.680382
-8186.44,0.835269,0.559571,2,3,0,8187.84,42710.7,5802.39,0.591688,0.550499,0.703442,0.71601,0.530385,0.690066
-8186.46,0.961689,0.559571,3,7,0,8189.84,42641.7,5685.37,0.5875,0.556949,0.701097,0.741585,0.527268,0.691783
-8185.67,0.948484,0.559571,2,3,0,8188.3,42608,5678.62,0.570228,0.554188,0.703578,0.744483,0.518104,0.686434
-8185.48,0.964787,0.559571,3,7,0,8189.81,42652,5691.51,0.563322,0.534578,0.700432,0.751834,0.50617,0.665498
-8184.27,0.982213,0.559571,3,7,0,8187.21,41976.2,5909.17,0.570429,0.512601,0.720949,0.735735,0.552032,0.64399
-8185.51,0.799149,0.559571,3,7,0,8190.57,41643.2,6015.93,0.592736,0.533143,0.732985,0.766996,0.536803,0.691723
-8185.82,0.987966,0.559571,3,7,0,8187.42,42114.1,6049.24,0.573473,0.541748,0.723925,0.740968,0.537301,0.620885
-8188.59,0.870058,0.559571,2,3,0,8189.37,41553.4,6147.95,0.566965,0.540513,0.71653,0.718687,0.532363,0.6241
-8189.44,0.943065,0.559571,3,7,0,8195.59,41924.9,5908.91,0.58908,0.531723,0.751522,0.798743,0.541414,0.67822
-8189.83,0.857423,0.559571,2,7,0,8195.65,41742.6,5698.42,0.569898,0.524887,0.740402,0.791699,0.537051,0.697317
-8191.81,0.881162,0.559571,3,7,0,8197.31,41876.8,6413.41,0.595305,0.535254,0.715126,0.70686,0.530273,0.625227
-8184.53,1,0.559571,2,3,0,8192.54,41849.7,5788.38,0.589213,0.539858,0.718704,0.758927,0.524933,0.638923
-8185.87,0.790901,0.559571,3,7,0,8189.13,42905.3,6149.16,0.570873,0.523747,0.731935,0.743221,0.549219,0.681728
-8186.97,0.962237,0.559571,3,7,0,8188.94,42264.3,5488.52,0.582658,0.529711,0.713542,0.747829,0.52179,0.623472
-8184.44,0.90045,0.559571,3,7,0,8190.67,41959.8,5979.76,0.582403,0.523707,0.718781,0.775613,0.53288,0.653639
-8183.83,0.975448,0.559571,3,7,0,8186.01,42669.9,5663.77,0.56029,0.517222,0.709132,0.739965,0.536058,0.681423
-8184.94,0.896769,0.559571,3,7,0,8186.2,41787.2,6132.5,0.589456,0.519425,0.731679,0.747535,0.521361,0.643574
-8184.49,0.986803,0.559571,3,7,0,8187.69,42516.9,6069.78,0.595021,0.517145,0.709377,0.73607,0.538947,0.674663
-8185.89,0.849832,0.559571,3,7,0,8188.85,42789.3,5968.03,0.559256,0.519722,0.703462,0.767631,0.516856,0.676919
-8186.45,0.914571,0.559571,3,7,0,8190.63,41813.4,5801.36,0.591396,0.52481,0.737314,0.720711,0.556118,0.651646
-8185.39,0.97996,0.559571,3,7,0,8188.41,41985.9,6203.73,0.566985,0.543237,0.72744,0.769561,0.541166,0.659508
-8185.02,0.858195,0.559571,3,7,0,8188.35,42511.2,5757.94,0.59416,0.494344,0.71027,0.724916,0.526932,0.660515
-8183.63,0.981381,0.559571,3,7,0,8186.49,42162,5759.8,0.568258,0.530485,0.726432,0.730031,0.540233,0.65434
-8183.49,0.906217,0.559571,2,7,0,8185.49,42051.5,5760.65,0.574424,0.519957,0.712517,0.727783,0.533019,0.659239
-8184.06,0.861716,0.559571,3,7,0,8188.9,41758.1,6028.1,0.582206,0.532425,0.712248,0.754732,0.537125,0.664259
-8185.41,0.946904,0.559571,3,7,0,8188.65,43161.2,5795.46,0.559609,0.52107,0.716357,0.713564,0.513897,0.692438
-8185.33,0.78417,0.559571,3,15,0,8189.17,41727.8,5918.56,0.568851,0.52796,0.69777,0.750107,0.525117,0.648072
-8189.15,0.838218,0.559571,3,7,0,8190.69,42105.6,5871.97,0.602295,0.508115,0.716104,0.71979,0.540082,0.708848
-8189.69,0.960679,0.559571,3,7,0,8192.81,42525.2,5893.22,0.546533,0.546171,0.735851,0.770767,0.536419,0.642461
-8186.78,1,0.559571,3,7,0,8192.09,42588.7,5925.83,0.609722,0.504531,0.709429,0.725046,0.532653,0.677241
-8186.07,0.919388,0.559571,3,7,0,8191.13,41320.6,5928.5,0.572792,0.522123,0.741604,0.764661,0.544835,0.623556
-8184.43,0.98812,0.559571,3,7,0,8187.71,42947.8,5743.09,0.583372,0.523532,0.706898,0.73535,0.525547,0.698763
-8184.28,0.960063,0.559571,3,7,0,8186.66,42096.5,6110.26,0.574097,0.524227,0.720442,0.768467,0.536813,0.677222
-8185.74,0.930253,0.559571,3,7,0,8187.08,41958.8,5992.08,0.596967,0.546097,0.730417,0.730303,0.551779,0.67946
-8184.74,0.837292,0.559571,3,7,0,8191.46,42144.9,6029.24,0.564938,0.517696,0.717402,0.771152,0.523475,0.661834
-8185.69,0.919739,0.559571,3,7,0,8188.39,42735.8,5595.33,0.572577,0.526929,0.720661,0.709746,0.52465,0.682856
-8189.94,0.798794,0.559571,3,7,0,8195.75,41558.9,5486.43,0.607597,0.498795,0.714259,0.759478,0.520305,0.621505
-8185.66,0.868816,0.559571,2,3,0,8193.74,41778.7,5947.31,0.592498,0.523332,0.694771,0.750719,0.539564,0.633687
-8186.19,0.887185,0.559571,3,7,0,8189.9,41408.4,5811.98,0.582432,0.543978,0.750083,0.756462,0.529005,0.663562
-8187.97,0.880507,0.559571,3,7,0,8190.92,41958.7,6072.69,0.615116,0.541445,0.71453,0.767063,0.560612,0.674321
-8187.6,0.89605,0.559571,3,7,0,8193.66,42143.1,6176.18,0.576757,0.55208,0.750362,0.77747,0.542806,0.704444
-8186.49,0.991358,0.559571,3,7,0,8190.19,41875.1,6016.93,0.610325,0.531629,0.74008,0.763992,0.537149,0.694467
-8185.46,0.992591,0.559571,3,7,0,8189.09,42666.4,5961.78,0.549217,0.538411,0.70725,0.733698,0.54118,0.652006
-8186.88,0.937338,0.559571,3,7,0,8190.65,41816.5,5528.46,0.564693,0.520221,0.698738,0.7392,0.521859,0.619902
-8183.23,1,0.559571,2,3,0,8187.29,42513.1,5750.84,0.571418,0.51371,0.702994,0.732967,0.521709,0.651614
-8183.68,0.895256,0.559571,3,7,0,8186.02,42932.1,5894.45,0.571169,0.511787,0.714638,0.726209,0.527604,0.687948
-8185.04,0.567461,0.559571,2,3,0,8189.64,42291.2,5988.62,0.578263,0.531181,0.701563,0.722979,0.528012,0.68393
-8185.63,0.986484,0.559571,4,15,0,8187.81,41266.5,5928.04,0.598918,0.534253,0.739901,0.763299,0.54547,0.646778
-8188.48,0.802988,0.559571,3,7,0,8190.81,41178.8,6285,0.574299,0.534107,0.755261,0.777316,0.553253,0.670052
-8184.08,0.943269,0.559571,3,7,0,8191.9,41946,5976.2,0.593229,0.546853,0.730161,0.75405,0.535982,0.658288
-8186.97,0.589985,0.559571,3,7,0,8193.77,41679.5,6177.35,0.578139,0.549349,0.720144,0.753106,0.522915,0.619744
-8187.2,0.897911,0.559571,3,7,0,8191.1,42223,6125.21,0.579624,0.538768,0.730182,0.750842,0.510963,0.62314
-8185.26,0.969695,0.559571,2,7,0,8189.08,41619.2,6010.47,0.566621,0.529047,0.718446,0.750502,0.537166,0.672508
-8185.62,0.965355,0.559571,3,7,0,8189.17,42655.5,5882.77,0.575763,0.49812,0.732832,0.756437,0.520602,0.696016
-8187.31,0.692321,0.559571,3,7,0,8191.59,42794.5,6209.21,0.593473,0.546057,0.736592,0.752389,0.517182,0.678172
-8185.82,0.899059,0.559571,3,7,0,8194.59,42633,5655.45,0.581415,0.516551,0.711647,0.721786,0.548358,0.641998
-8185.52,0.70962,0.559571,2,7,0,8194.22,42551.7,5805.19,0.582747,0.479335,0.702927,0.735842,0.535711,0.660405
-8184.25,0.947182,0.559571,3,7,0,8187.62,42245.5,5771.44,0.586543,0.502533,0.73245,0.757678,0.531345,0.663259
-8186.35,0.906835,0.559571,3,7,0,8188.01,41922,5640.64,0.578341,0.519815,0.748679,0.723989,0.536546,0.651496
-8185.86,0.999868,0.559571,3,7,0,8187.74,42499.3,5936.8,0.581664,0.526915,0.688775,0.765166,0.522081,0.658758
-8184.49,0.999387,0.559571,3,7,0,8187.55,42472.2,5873.25,0.582711,0.503773,0.710218,0.744933,0.506132,0.657613
-8183.98,0.968941,0.559571,3,7,0,8186.35,42211.3,5814.95,0.572001,0.533289,0.729736,0.744276,0.551824,0.65869
-8183.76,0.921027,0.559571,3,7,0,8186.31,42394.9,5889.09,0.586684,0.512691,0.713725,0.751388,0.514776,0.658234
-8187.16,0.695127,0.559571,3,7,0,8190.03,41423,6140.9,0.600798,0.515998,0.704982,0.762138,0.546698,0.642662
-8185,0.821413,0.559571,3,7,0,8189.63,41873.2,5736.28,0.585421,0.533922,0.743745,0.7642,0.53784,0.664662
-8184.14,0.9973,0.559571,3,7,0,8186.11,42863.2,6001.55,0.570948,0.511065,0.7005,0.731822,0.530894,0.661658
-8188.43,0.810541,0.559571,3,7,0,8189.92,41141.6,5610.43,0.585135,0.51677,0.735579,0.744121,0.516152,0.634663
-8185.89,0.86971,0.559571,2,3,0,8191.29,41685.1,5771.3,0.584079,0.501547,0.745261,0.736084,0.52239,0.657098
-8187.65,0.928731,0.559571,3,7,0,8189.79,42709.4,6019.31,0.571985,0.538809,0.712127,0.696909,0.542085,0.689549
-8185.65,0.945601,0.559571,3,7,0,8190,42663.6,6004.64,0.556945,0.515946,0.717377,0.725031,0.54895,0.696885
-8186.82,0.91221,0.559571,3,7,0,8190.06,41928,5815.16,0.599617,0.552665,0.722181,0.741318,0.52553,0.62475
-8186.48,0.974219,0.559571,3,7,0,8190.24,41355,5849.42,0.587706,0.515843,0.739376,0.750156,0.511029,0.638489
-8188.36,0.957289,0.559571,3,7,0,8190.43,43116.4,5855.86,0.559078,0.542836,0.694423,0.712994,0.549109,0.712411
-8187.84,0.940592,0.559571,3,7,0,8192.66,42945.1,6074.1,0.570541,0.510637,0.716137,0.736935,0.490726,0.70029
-8183.83,0.813736,0.559571,3,7,0,8190.68,42592.9,5832.04,0.587932,0.507856,0.712776,0.743622,0.54025,0.663356
-8185.68,0.717329,0.559571,3,7,0,8192.3,42304.7,6178.74,0.574918,0.52893,0.725802,0.777107,0.529335,0.6644
-8188.47,0.849401,0.559571,3,7,0,8192.96,42045.6,5599.44,0.57641,0.496601,0.746712,0.717507,0.516365,0.631581
-8191.46,0.869703,0.559571,3,7,0,8196.23,42357.4,6332.84,0.575049,0.549056,0.682286,0.772913,0.503376,0.661539
-8185.62,1,0.559571,3,7,0,8193.15,41899.9,6026.53,0.595919,0.544221,0.741215,0.768162,0.547439,0.69064
-8184.99,0.938981,0.559571,3,7,0,8188.73,41948.8,5871.78,0.595097,0.515179,0.706505,0.731673,0.536102,0.630981
-8186.4,0.838543,0.559571,3,7,0,8191.24,41725,6157.98,0.565393,0.553265,0.73772,0.763985,0.539583,0.639617
-8183.91,0.943849,0.559571,3,7,0,8190.25,42372.3,5850.8,0.599727,0.523014,0.718111,0.745837,0.52897,0.673713
-8184.85,0.959019,0.559571,3,7,0,8186.67,42065.6,6041.63,0.567955,0.522678,0.740646,0.753078,0.549877,0.686171
-8184.23,0.997122,0.559571,3,7,0,8186.29,42174.5,5985.99,0.564953,0.520038,0.731215,0.752685,0.538616,0.691581
-8184.4,0.984553,0.559571,3,7,0,8186.64,41914,5818.76,0.59105,0.526252,0.711147,0.739543,0.52018,0.633024
-8184.83,0.557958,0.559571,3,7,0,8190.03,42118.1,5686.12,0.578738,0.506773,0.707902,0.748604,0.506943,0.643793
-8183.88,0.998794,0.559571,3,7,0,8185.39,42040.5,5764.1,0.573578,0.508179,0.714979,0.747922,0.514219,0.642114
-8185.18,0.834576,0.559571,3,7,0,8186.74,41852.9,5940.3,0.561538,0.507337,0.702694,0.757608,0.535953,0.650807
-8186.92,0.944136,0.559571,3,7,0,8188.44,42093.6,5948.78,0.558406,0.488058,0.707467,0.757954,0.555383,0.65488
-8186.62,0.921123,0.559571,3,7,0,8190.58,42274.4,5900.31,0.587432,0.552396,0.726663,0.74747,0.504957,0.699892
-8190.27,0.932903,0.559571,3,7,0,8193.63,44116.7,6037.85,0.54826,0.526207,0.682065,0.713264,0.527062,0.699839
-8184.83,0.921082,0.559571,3,7,0,8193.74,42081.1,5841.84,0.583252,0.542712,0.721657,0.738786,0.530926,0.697985
-8187.08,0.86278,0.559571,3,7,0,8190.52,41859.5,5704.11,0.604382,0.501072,0.712,0.737045,0.520838,0.675953
-8187.14,0.981849,0.559571,3,7,0,8189.63,42555.2,5807.5,0.550561,0.513773,0.717877,0.734564,0.546541,0.621789
-8186.34,0.941552,0.559571,3,7,0,8190.4,42666.6,5878.34,0.605629,0.536279,0.70828,0.745824,0.528607,0.702439
-8186.47,0.868915,0.559571,3,7,0,8190.81,42353.6,5808.01,0.564131,0.487248,0.741924,0.743123,0.527013,0.687907
-8187.09,0.805359,0.559571,3,7,0,8194.81,42165.7,6007.61,0.587761,0.545471,0.691316,0.727973,0.53391,0.628365
-8187.19,0.860063,0.559571,3,7,0,8192.19,42373.8,5900.16,0.586685,0.553828,0.699514,0.749792,0.550332,0.638182
-8189.33,0.946326,0.559571,3,7,0,8192.66,42634.7,6373.46,0.570412,0.499926,0.716792,0.726843,0.541105,0.708217
-8189.83,1,0.559571,3,7,0,8192.32,41583.5,5518.74,0.594131,0.551577,0.730752,0.771508,0.517962,0.638451
-8188.82,0.990961,0.559571,3,7,0,8194.08,42736.7,6337.33,0.565717,0.492884,0.720003,0.749314,0.556567,0.678109
-8184.94,0.919951,0.559571,2,7,0,8192.21,42848,6088.7,0.572937,0.511667,0.706306,0.720783,0.51797,0.669079
-8186.35,0.89114,0.559571,3,7,0,8187.81,42683.9,5601.6,0.5665,0.536171,0.715456,0.744887,0.548254,0.702178
-8185.87,0.773801,0.559571,3,7,0,8190.68,42589.3,5931.58,0.559182,0.525914,0.71494,0.774761,0.527143,0.665893
-8184.4,0.875301,0.559571,3,7,0,8190.14,42611.4,5706.44,0.578722,0.518492,0.733005,0.745924,0.533398,0.662531
-8184.72,0.968031,0.559571,3,15,0,8185.92,42152.5,5823.56,0.584656,0.529898,0.701338,0.73597,0.522689,0.684886
-8185.55,0.926903,0.559571,2,7,0,8189.12,41975.5,5707.26,0.57126,0.527762,0.691385,0.747771,0.521652,0.666184
-8185.9,0.819258,0.559571,2,7,0,8194.46,41818.6,5670.5,0.577737,0.510974,0.705847,0.758198,0.522219,0.615495
-8184.14,0.940316,0.559571,3,7,0,8188.43,41874.2,6060.76,0.575659,0.514765,0.723425,0.749699,0.548994,0.666779
-8188.04,0.811158,0.559571,3,7,0,8190,41561.1,5893.15,0.574795,0.517539,0.756052,0.779731,0.526096,0.627234
-8186.49,0.969209,0.559571,3,7,0,8191.08,41423.7,6008.46,0.566761,0.520374,0.714599,0.746554,0.528846,0.616617
-8185.18,0.892621,0.559571,3,7,0,8191.59,42873.5,5778.26,0.565112,0.519211,0.716979,0.749802,0.506231,0.659074
-8183.26,0.92203,0.559571,2,3,0,8186.15,42379.7,5823.81,0.567032,0.516944,0.715516,0.738545,0.512845,0.662503
-8183,0.927887,0.559571,3,7,0,8185.94,42279.9,5935.64,0.573531,0.512312,0.722008,0.740569,0.537525,0.675714
-8187.62,0.711521,0.559571,2,3,0,8189.26,43216.1,5772.84,0.589636,0.52228,0.685586,0.729054,0.529995,0.654659
-8187.38,0.965881,0.559571,3,7,0,8190.95,41978.3,5853.32,0.56179,0.507681,0.732632,0.733695,0.503462,0.68181
-8187.01,1,0.559571,3,7,0,8189.04,43154,5753.66,0.578661,0.535791,0.685553,0.734643,0.542202,0.667927
-8185.88,0.969022,0.559571,3,7,0,8190.35,41858.2,5888.63,0.580476,0.517581,0.751063,0.764878,0.529616,0.635859
-8187.39,0.948655,0.559571,3,7,0,8191.05,41873.4,6196.59,0.598259,0.552303,0.715287,0.757061,0.567574,0.677552
-8185.61,0.995157,0.559571,3,7,0,8189.78,42624.4,6006.64,0.568371,0.55674,0.738208,0.74611,0.524199,0.695713
-8186.07,0.906931,0.559571,3,7,0,8189.91,41551.5,5676.91,0.588264,0.502128,0.71677,0.756025,0.548026,0.624709
-8184.99,0.864348,0.559571,3,7,0,8190.54,41908,6120.32,0.575369,0.542673,0.7297,0.753612,0.516827,0.676751
-8183.76,0.923914,0.559571,3,7,0,8187.81,42678.8,5783.7,0.581572,0.517149,0.716133,0.74219,0.544607,0.668965
-8185.09,0.947815,0.559571,3,7,0,8186.44,42349.3,5850.26,0.571375,0.538666,0.709331,0.716453,0.546147,0.678158
-8186.43,0.819512,0.559571,2,7,0,8188.78,42808.6,5820.96,0.58108,0.543543,0.716543,0.727624,0.558009,0.670924
-8185.28,1,0.559571,3,7,0,8189.11,42789.1,6131.25,0.567059,0.50584,0.715687,0.747985,0.523898,0.698604
-8185.56,0.988312,0.559571,3,7,0,8186.67,42541.2,6046.43,0.562594,0.507526,0.715042,0.755185,0.525259,0.703893
-8185.63,0.997303,0.559571,3,7,0,8188.17,42445.9,5571.05,0.568067,0.526762,0.719501,0.723954,0.528874,0.629278
-8184.43,0.991455,0.559571,3,7,0,8187.36,42329.6,6012.11,0.583661,0.531247,0.701896,0.733747,0.541667,0.684901
-8185.43,0.871401,0.559571,3,15,0,8188,42830.4,6196.69,0.574346,0.516996,0.718238,0.741264,0.513217,0.666555
-8184,0.933889,0.559571,3,7,0,8188.96,42023.9,5681.27,0.577858,0.537716,0.721656,0.744292,0.546214,0.664872
-8183.89,0.962605,0.559571,3,7,0,8185.72,41971.8,5969.42,0.5955,0.540751,0.721022,0.749832,0.542813,0.665424
-8183.33,0.923105,0.559571,3,7,0,8187.34,42330.4,6003.78,0.575685,0.538894,0.718943,0.74119,0.544433,0.673785
-8188.67,0.497559,0.559571,2,7,0,8195.25,42126.4,5802.92,0.57477,0.543726,0.719942,0.703712,0.56262,0.660801
-8190.22,0.907944,0.559571,3,7,0,8194.37,42491.1,6074.02,0.564096,0.481771,0.710499,0.76705,0.495813,0.684084
-8196.62,0.614871,0.559571,3,7,0,8203.69,42478.2,6229.72,0.526468,0.537808,0.735105,0.7168,0.569298,0.625368
-8190.49,1,0.559571,3,7,0,8201.02,41424.7,5992.77,0.535217,0.5141,0.709364,0.746405,0.533155,0.625183
-8188.85,0.987817,0.559571,3,7,0,8195.71,41778.4,5720.98,0.594167,0.498292,0.706249,0.749449,0.529128,0.589948
-8187.48,0.937338,0.559571,3,7,0,8193.98,41987.3,5469.13,0.56626,0.485398,0.71478,0.743497,0.543374,0.664593
-8188.49,0.61457,0.559571,3,7,0,8195.05,42072.2,5923.87,0.580112,0.489654,0.709362,0.754568,0.545161,0.710378
-8188.39,0.945838,0.559571,3,7,0,8193.52,41730.6,5876.35,0.56551,0.539349,0.691831,0.754586,0.505375,0.660092
-8188.69,0.992499,0.559571,3,7,0,8194.16,43091.9,5772.71,0.56554,0.489399,0.728111,0.699673,0.537665,0.684816
-8187.89,1,0.559571,3,7,0,8191.28,43466.8,5797.14,0.561624,0.497265,0.713465,0.700009,0.530788,0.687519
-8186.99,0.988047,0.559571,3,7,0,8190.38,42994.6,6096.42,0.552005,0.505331,0.707355,0.710572,0.53911,0.675503
-8188.1,0.887416,0.559571,3,7,0,8193.2,42722.8,6153.18,0.572848,0.544933,0.695814,0.735227,0.566395,0.668695
-8187.5,0.884714,0.559571,3,7,0,8192.22,41670.1,5721.65,0.581678,0.509495,0.74492,0.753249,0.501439,0.661519
-8192.57,0.725972,0.559571,3,7,0,8196.05,43137.8,6252.25,0.570568,0.516932,0.665981,0.723669,0.560581,0.680381
-8192.65,0.939918,0.559571,3,7,0,8196.59,42732.3,5504.07,0.565309,0.526077,0.750195,0.746727,0.490811,0.675426
-8189.42,1,0.559571,3,7,0,8195.62,42422.2,5547.73,0.578457,0.524295,0.738781,0.764061,0.497764,0.676486
-8192.54,0.831624,0.559571,3,7,0,8199.51,41594.1,6476.58,0.591511,0.541468,0.730872,0.748216,0.587505,0.635431
-8190.69,0.951053,0.559571,2,7,0,8195.99,41520.6,6268.03,0.575701,0.546624,0.725695,0.715045,0.566753,0.647004
-8192.11,0.985809,0.559571,3,7,0,8195.52,42836.3,5709.37,0.568569,0.510285,0.701031,0.756251,0.488636,0.725171
-8186.93,1,0.559571,3,7,0,8197.09,41974.1,6216.4,0.550958,0.526323,0.715256,0.741066,0.550913,0.655895
-8186.93,0.592077,0.559571,2,3,0,8195.73,41974.1,6216.4,0.550958,0.526323,0.715256,0.741066,0.550913,0.655895
-8188.6,0.982026,0.559571,3,7,0,8190.04,41289.9,5727.96,0.612016,0.523021,0.741301,0.771548,0.524915,0.668228
-8185.44,0.99638,0.559571,3,7,0,8190.83,42136.9,5968.69,0.551784,0.532476,0.711659,0.731383,0.548843,0.665085
-8187.6,0.917041,0.559571,3,7,0,8191.06,42427.6,5809.13,0.588298,0.490898,0.698185,0.740204,0.555602,0.632054
-8186.69,0.947314,0.559571,3,7,0,8190.36,41887.6,5837.37,0.585258,0.518284,0.691314,0.739137,0.546219,0.680397
-8186.74,0.885805,0.559571,3,7,0,8194.86,42613,5779.64,0.546208,0.50257,0.714458,0.728186,0.502536,0.679314
-8188.56,0.863929,0.559571,3,7,0,8191.6,43297.9,6203.66,0.578422,0.507021,0.69393,0.737787,0.543165,0.663518
-8186.43,1,0.559571,3,7,0,8191.29,42097.9,5675.87,0.560708,0.508956,0.743708,0.743926,0.527771,0.690076
-8186.78,1,0.559571,3,7,0,8189.65,42622.2,6106.88,0.583346,0.537618,0.680546,0.737687,0.535556,0.657556
-8188.52,0.704164,0.559571,3,7,0,8193.89,43133.8,5817.07,0.554142,0.542216,0.728099,0.709671,0.505786,0.704131
-8184.45,0.717377,0.559571,3,7,0,8196.68,41651.3,6055.53,0.588461,0.518041,0.731827,0.75968,0.549962,0.653503
-8183.8,0.858807,0.559571,3,7,0,8189.07,42032.4,5850.85,0.584453,0.525413,0.729917,0.753556,0.526693,0.637864
-8185.08,0.900956,0.559571,2,3,0,8185.91,41813.1,5794.2,0.590142,0.531408,0.734264,0.757798,0.517058,0.635394
-8186.03,0.810492,0.559571,3,7,0,8190.19,42214.5,5639.92,0.578545,0.5249,0.738183,0.728239,0.537264,0.695978
-8186.64,0.944647,0.559571,3,7,0,8189.12,41470.8,6128.6,0.580902,0.506466,0.717177,0.765379,0.524784,0.625666
-8189.27,0.82218,0.559571,2,7,0,8192.91,42229.1,5632.5,0.558821,0.565412,0.728003,0.752053,0.557225,0.680797
-8183.85,0.934849,0.559571,2,7,0,8191.07,42441.8,5953.48,0.570333,0.499114,0.720493,0.734335,0.520348,0.669842
-8186.42,0.750538,0.559571,2,7,0,8188.6,42094.4,5625.32,0.554235,0.524272,0.706132,0.747378,0.509429,0.671517
-8190.05,0.714326,0.559571,3,7,0,8194.95,41882.5,6305.9,0.58088,0.528513,0.750227,0.716886,0.546059,0.695438
-8185.52,1,0.559571,3,7,0,8192.6,41912.2,5794.38,0.574025,0.548373,0.724178,0.764884,0.527506,0.633187
-8183.96,0.996988,0.559571,3,7,0,8187.67,42344.2,5926.44,0.583356,0.497338,0.724654,0.735221,0.540335,0.666995
-8184.99,0.834562,0.559571,3,7,0,8186.81,42014.3,5708.77,0.56521,0.546141,0.715968,0.760337,0.524168,0.667984
-8183.8,0.925903,0.559571,3,7,0,8187.7,42412.2,5842.78,0.573232,0.550784,0.722581,0.743395,0.523854,0.666712
-8190.44,0.544062,0.559571,2,3,0,8194.18,41702.5,5602.98,0.585038,0.540094,0.702444,0.75858,0.574846,0.671296
-8190.48,0.947726,0.559571,3,7,0,8197.64,42770.7,6234.35,0.569167,0.501564,0.742885,0.774359,0.525947,0.71905
-8186.76,1,0.559571,3,7,0,8193.39,42093.7,5890.08,0.578231,0.539003,0.740438,0.707812,0.542244,0.659864
-8185.95,0.976433,0.559571,2,7,0,8188.41,42377.7,5902.45,0.576362,0.53195,0.704443,0.778611,0.522094,0.681728
-8186.53,0.981781,0.559571,3,7,0,8189.45,42209.5,5990.27,0.567566,0.495462,0.742143,0.730654,0.554748,0.660805
-8185.37,0.889364,0.559571,3,7,0,8190.6,42438.5,5907,0.601813,0.508061,0.714741,0.744125,0.523872,0.644346
-8187.61,0.886484,0.559571,3,7,0,8190.4,41815.9,5914.57,0.59644,0.526824,0.701805,0.77904,0.511608,0.640465
-8186.3,0.992182,0.559571,3,7,0,8190.6,41668.5,5834.69,0.558859,0.511249,0.735033,0.765025,0.556753,0.649304
-8189.3,0.82316,0.559571,3,7,0,8192.69,42528.1,6067.67,0.619103,0.538574,0.741492,0.730622,0.520379,0.687168
-8190.03,0.968639,0.559571,3,7,0,8192.09,42535.3,5782.47,0.53758,0.517679,0.702998,0.76935,0.55163,0.642668
-8189.54,1,0.559571,3,7,0,8194.07,42862.5,6015.88,0.609126,0.526166,0.731547,0.715501,0.505222,0.685179
-8190.63,0.744826,0.559571,3,7,0,8198.23,42831.5,5636.81,0.612185,0.543763,0.723059,0.731639,0.508566,0.675536
-8188.16,0.92059,0.559571,3,7,0,8194.62,42410,6094.5,0.552498,0.477332,0.721322,0.750087,0.545702,0.648959
-8183.4,0.993722,0.559571,3,7,0,8188.83,42039.5,5782.41,0.585001,0.511098,0.73203,0.740924,0.532879,0.667582
-8183.58,0.97253,0.559571,3,7,0,8184.51,42382.6,5988.11,0.581656,0.526037,0.708925,0.75911,0.533223,0.661845
-8185.25,0.923853,0.559571,3,7,0,8188.15,43109,5912.43,0.564896,0.538087,0.720243,0.724574,0.52163,0.708797
-8189.74,0.685265,0.559571,2,3,0,8190.5,43036.6,5849.82,0.545438,0.535192,0.726436,0.711758,0.527789,0.727519
-8184.19,0.893559,0.559571,3,7,0,8192.82,41751.1,5894.29,0.581937,0.51262,0.710878,0.746062,0.522051,0.640959
-8182.98,0.932229,0.559571,3,7,0,8187.58,42265.3,5804.74,0.571551,0.520552,0.731342,0.745592,0.533337,0.673685
-8189.87,0.589388,0.559571,2,7,0,8191.09,42381.4,5461.91,0.587014,0.510986,0.717832,0.706894,0.542688,0.696746
-8184.15,1,0.559571,2,3,0,8190.3,42474.7,5584.57,0.57642,0.501979,0.714773,0.729429,0.53328,0.672586
-8184.45,0.973564,0.559571,3,7,0,8185.35,42059.7,6084.61,0.575711,0.544684,0.707246,0.759641,0.528956,0.662847
-8189.65,0.767587,0.559571,3,7,0,8192.98,42703.3,5715.9,0.595639,0.479657,0.728498,0.752003,0.507725,0.697089
-8188.76,0.96812,0.559571,3,7,0,8194.35,42215.1,6009.9,0.546928,0.554633,0.693532,0.726968,0.550319,0.651726
-8189.26,0.94842,0.559571,3,7,0,8192.49,41797.6,5717.4,0.597063,0.48602,0.744829,0.750749,0.501083,0.650816
-8191.11,0.946628,0.559571,3,7,0,8195.44,42148.7,6367.21,0.562547,0.568686,0.713936,0.762423,0.578549,0.681079
-8191.09,0.815232,0.559571,3,7,0,8200.32,41814.6,5485.66,0.604259,0.49091,0.726854,0.747824,0.49774,0.635317
-8185.23,0.89825,0.559571,2,3,0,8194.29,41757.8,5871.32,0.568425,0.510996,0.721333,0.739117,0.532319,0.613766
-8185.83,0.887152,0.559571,3,7,0,8190.33,43043.8,5827.51,0.571581,0.547908,0.69669,0.742221,0.527898,0.707913
-8184.79,0.942374,0.559571,3,7,0,8188.1,42718.9,5933.64,0.569133,0.512629,0.716511,0.737938,0.500283,0.674725
-8184.87,0.969865,0.559571,3,7,0,8186.89,41908.5,5837.69,0.583246,0.536872,0.71822,0.750377,0.560867,0.672251
-8188.48,0.815621,0.559571,3,7,0,8191.22,42438.2,6040.56,0.592872,0.486369,0.739047,0.734001,0.502295,0.657864
-8185.72,0.951727,0.559571,3,7,0,8196.48,42742,6212,0.570737,0.527796,0.736638,0.733445,0.542656,0.677661
-8187.69,0.855463,0.559571,3,7,0,8190.82,41901.9,5604.3,0.597841,0.51422,0.717844,0.773816,0.525284,0.629248
-8187.43,0.642914,0.559571,3,7,0,8193.94,42583.7,6260.91,0.588352,0.533292,0.74616,0.724692,0.529393,0.667693
-8185.25,0.96397,0.559571,3,7,0,8191.68,42465.6,6219.89,0.583159,0.510247,0.727277,0.735005,0.539809,0.663285
-8189.16,0.742128,0.559571,2,7,0,8192.67,42147.6,5788.55,0.613939,0.520341,0.733432,0.71634,0.508119,0.666963
-8191.52,0.920749,0.559571,2,3,0,8193.06,42125.5,5781.04,0.61668,0.518207,0.731865,0.720946,0.497218,0.687038
-8187.38,0.954845,0.559571,2,3,0,8193.15,42494.3,5863.02,0.614768,0.519371,0.722642,0.737034,0.511088,0.677774
-8189.88,0.904355,0.559571,3,7,0,8193.84,41997.1,5891.46,0.532403,0.527067,0.725825,0.767072,0.515689,0.625889
-8185.54,1,0.559571,3,7,0,8192.28,42079.4,6025.13,0.584499,0.565413,0.71433,0.738202,0.543717,0.676094
-8184.16,0.99483,0.559571,3,7,0,8186.91,42199.1,5813.07,0.571238,0.497595,0.728515,0.756667,0.521065,0.657032
-8183.87,1,0.559571,3,7,0,8185.32,41974.9,5761.33,0.587865,0.529557,0.727912,0.733188,0.521985,0.653627
-8184.61,0.895457,0.559571,3,7,0,8186.52,42284.3,5995.61,0.579928,0.507892,0.700606,0.757181,0.537267,0.681619
-8184.13,0.981858,0.559571,3,7,0,8185.72,42894.8,5795.57,0.563241,0.522734,0.728894,0.728518,0.525832,0.676086
-8185.23,0.847435,0.559571,3,7,0,8188.05,42416.5,5659.72,0.584156,0.518669,0.733683,0.743626,0.549201,0.685938
-8188.94,0.692739,0.559571,3,7,0,8190.43,41721.4,6368.95,0.577857,0.539042,0.72408,0.774214,0.527881,0.617931
-8188.58,0.996691,0.559571,3,7,0,8192.45,41732.6,5611.82,0.590792,0.500076,0.73027,0.772357,0.560656,0.675537
-8185.65,0.699087,0.559571,3,7,0,8196.65,42469,5965.59,0.570828,0.558238,0.717022,0.747385,0.512735,0.651065
-8186.66,0.984343,0.559571,3,7,0,8188.46,42106.8,5642.89,0.58645,0.475622,0.720645,0.741948,0.533063,0.673494
-8184.15,1,0.559571,3,7,0,8188.2,42510.2,5570.98,0.566284,0.516156,0.70905,0.74744,0.526894,0.653245
-8184.34,0.910349,0.559571,3,7,0,8185.77,42448.8,6104.26,0.578078,0.523517,0.716995,0.728092,0.526621,0.688125
-8183.43,0.984349,0.559571,3,7,0,8186.27,42269.6,5697.07,0.563851,0.521163,0.706411,0.745283,0.527452,0.668662
-8185.58,0.869157,0.559571,3,7,0,8189.32,42953.2,6138.12,0.566892,0.512427,0.719567,0.718403,0.53041,0.691929
-8184.85,0.943365,0.559571,3,7,0,8188.88,42582.9,5723.69,0.571902,0.532616,0.690533,0.738114,0.539884,0.684214
-8185.23,0.756764,0.559571,3,7,0,8192.61,42461.4,5893.54,0.571777,0.546585,0.706898,0.761566,0.52536,0.700349
-8184.71,0.920261,0.559571,3,15,0,8187.38,41959.8,5946.51,0.57187,0.536819,0.726338,0.754208,0.541728,0.696909
-8184.81,0.976437,0.559571,3,7,0,8186.23,42033,5673.09,0.579782,0.502965,0.709542,0.723962,0.527175,0.663353
-8186.26,0.871698,0.559571,3,7,0,8190.64,42123,6050.38,0.56429,0.559474,0.729544,0.741067,0.537548,0.701763
-8186.67,0.967455,0.559571,3,7,0,8190.7,42122.5,5732,0.584169,0.47703,0.700348,0.736786,0.521922,0.631622
-8184.49,0.994232,0.559571,3,7,0,8188.88,42192.4,5925.9,0.587356,0.552914,0.737656,0.743314,0.530837,0.669134
-8185.75,0.912488,0.559571,3,7,0,8187.28,42184,6142.64,0.580899,0.530044,0.755995,0.751589,0.534203,0.677541
-8189.02,0.80426,0.559571,3,7,0,8192.67,42839.8,5784.26,0.572049,0.50158,0.667035,0.745717,0.532104,0.637373
-8185.83,0.99851,0.559571,3,7,0,8190.92,41935.1,5738.63,0.573872,0.535312,0.737723,0.741772,0.50672,0.67347
-8186.72,0.860134,0.559571,3,7,0,8189.81,41548.7,5780.62,0.582127,0.535004,0.725861,0.730966,0.510745,0.659191
-8187.92,0.955422,0.559571,3,7,0,8192.09,41726.7,5735.52,0.582297,0.514326,0.743136,0.78809,0.518988,0.660009
-8188.16,0.917373,0.559571,3,7,0,8193.4,42048.7,6164.08,0.600612,0.524484,0.718102,0.723626,0.56183,0.639702
-8188.14,0.989269,0.559571,3,7,0,8192.96,42316.2,5853.32,0.546931,0.564295,0.734212,0.756836,0.517142,0.679955
-8186.61,0.861631,0.559571,3,7,0,8191.38,42577.5,6101.78,0.58505,0.512473,0.694695,0.723679,0.534257,0.696062
-8186.62,0.979803,0.559571,3,7,0,8191.07,42931.5,5900.77,0.575732,0.504556,0.685186,0.715351,0.54145,0.684193
-8187.8,0.900618,0.559571,3,7,0,8191.68,42016.3,5585.02,0.572874,0.558018,0.744488,0.748148,0.525428,0.658296
-8188.28,0.964216,0.559571,3,7,0,8191.03,42898.1,6167.14,0.573479,0.486229,0.685338,0.729648,0.527609,0.678703
-8185.3,0.963953,0.559571,3,7,0,8192.34,41614.3,6019.14,0.573967,0.531854,0.741875,0.741624,0.520351,0.647093
-8185.23,0.94912,0.559571,3,7,0,8189.44,42809.4,5805.15,0.574287,0.514569,0.690272,0.742058,0.546084,0.68862
-8185.67,0.887769,0.559571,3,7,0,8191.11,41687.3,6000.62,0.559898,0.524974,0.73587,0.758558,0.522922,0.63148
-8186.56,0.878912,0.559571,3,7,0,8189.92,42504.1,5814.18,0.594657,0.517849,0.741847,0.737894,0.528726,0.708924
-8186.97,0.991121,0.559571,3,7,0,8189.53,42277.2,5768.25,0.59427,0.521299,0.748216,0.754693,0.520968,0.700891
-8186.77,0.869777,0.559571,3,7,0,8191.12,41559.6,5987.93,0.563355,0.53575,0.704217,0.754789,0.552212,0.628683
-8183.38,0.980844,0.559571,3,7,0,8188.74,42175.8,5963.67,0.576537,0.518169,0.73551,0.752702,0.528172,0.658784
-8186.69,0.633344,0.559571,2,3,0,8191.3,41840.3,6015.94,0.561287,0.508489,0.756194,0.741437,0.538644,0.649573
-8185.28,0.971785,0.559571,3,7,0,8189.43,42789.2,5708.24,0.570036,0.518386,0.68096,0.734373,0.524973,0.654243
-8185.77,0.71588,0.559571,3,15,0,8189.98,42323,6141.46,0.576707,0.527791,0.747269,0.731,0.53469,0.691546
-8185.91,0.982308,0.559571,3,7,0,8187.81,42382.5,5781.93,0.575765,0.555234,0.713175,0.767536,0.529027,0.690967
-8184.3,0.968969,0.559571,2,7,0,8187.23,42415.4,5692.78,0.570837,0.541778,0.707298,0.751261,0.540017,0.677322
-8188.13,0.646344,0.559571,3,7,0,8191.3,42311.8,5721.88,0.566623,0.543012,0.680352,0.738564,0.531075,0.694455
-8185.04,1,0.559571,2,3,0,8190.26,42746.9,5753.88,0.578175,0.517075,0.739549,0.731208,0.528475,0.668363
-8189.47,0.786952,0.559571,2,7,0,8192.45,41989.9,5900.01,0.5877,0.52009,0.735095,0.705657,0.501094,0.623962
-8189.15,0.968116,0.559571,3,7,0,8195.75,42349.7,5691.05,0.553447,0.522411,0.724051,0.770498,0.558934,0.703281
-8187.41,0.966807,0.559571,3,7,0,8192.34,42090.2,5978.04,0.596526,0.5005,0.718274,0.738825,0.510262,0.615102
-8185.02,0.975224,0.559571,3,7,0,8190.17,42214.5,5652.1,0.581901,0.522211,0.726706,0.763438,0.54455,0.682321
-8186.25,0.867527,0.559571,3,7,0,8189.83,42703.5,5882.97,0.545172,0.550242,0.714679,0.720942,0.526174,0.682931
-8188.73,0.930647,0.559571,3,7,0,8190.58,43263.3,6117.05,0.591932,0.519008,0.716087,0.756596,0.53239,0.728956
-8187.33,0.968335,0.559571,3,7,0,8192.04,41531.8,5788.47,0.565084,0.537469,0.729493,0.734889,0.543522,0.607135
-8187.82,0.923441,0.559571,3,7,0,8191.23,42622.4,6024.92,0.599949,0.501187,0.725863,0.771882,0.540575,0.695559
-8186.08,0.768123,0.559571,3,7,0,8195.19,41977.8,6051.35,0.570247,0.501679,0.729441,0.750398,0.560388,0.640378
-8187.82,0.981632,0.559571,3,7,0,8189.98,41275.7,5909.71,0.584252,0.565209,0.741191,0.768252,0.520562,0.651285
-8188.28,0.940784,0.559571,3,7,0,8193.47,41696.2,5702.01,0.59074,0.56012,0.739817,0.757616,0.508626,0.666253
-8187.48,0.76402,0.559571,3,15,0,8193.85,41290.2,6251.37,0.587183,0.543074,0.725125,0.757223,0.542938,0.676302
-8188.45,0.877106,0.559571,3,7,0,8194.61,42367.9,5402.45,0.562443,0.498496,0.705358,0.741786,0.509586,0.685168
-8187.59,0.996111,0.559571,3,7,0,8190.69,42304.6,6393.07,0.584736,0.541387,0.72278,0.721066,0.543486,0.681987
-8186.13,0.996837,0.559571,3,7,0,8189.86,42134.6,5787.43,0.580082,0.507232,0.747302,0.770007,0.523731,0.673749
-8187.48,0.902674,0.559571,2,7,0,8189.15,41915.9,5801.58,0.575189,0.512375,0.74511,0.771892,0.517451,0.696985
-8188.05,0.950508,0.559571,3,7,0,8191.94,42055.6,5854.5,0.590325,0.516934,0.731494,0.720962,0.569429,0.639695
-8186.31,0.966012,0.559571,3,7,0,8190.35,41548,5933.43,0.559948,0.517255,0.730226,0.766247,0.51495,0.641891
-8189.81,0.874219,0.559571,3,7,0,8191.7,42171.9,6024.37,0.5862,0.54407,0.7091,0.702627,0.564944,0.678145
-8189.68,0.991363,0.559571,3,7,0,8194.54,41358.8,6040.77,0.569109,0.510107,0.745589,0.771048,0.497601,0.64741
-8186.14,0.961434,0.559571,2,7,0,8192.17,42476.3,6268.01,0.583271,0.521206,0.730921,0.764418,0.522027,0.664805
-8186.29,0.828892,0.559571,3,7,0,8193.47,41612.3,5582.46,0.574868,0.504464,0.717712,0.739322,0.552241,0.643439
-8183.35,0.865235,0.559571,2,3,0,8190.58,41930.3,5726.79,0.577931,0.51055,0.716246,0.742961,0.526001,0.647793
-8186.53,0.860491,0.559571,2,3,0,8187.15,41555,5960.44,0.582725,0.510947,0.728576,0.762506,0.521391,0.608032
-8190.34,0.9349,0.559571,3,7,0,8192.99,40933.5,5935.28,0.601097,0.566362,0.729814,0.790326,0.52971,0.641619
-8189.07,0.72104,0.559571,3,7,0,8197.45,41318,6275.87,0.594543,0.543838,0.729428,0.793324,0.539844,0.624625
-8186.94,0.890309,0.559571,2,3,0,8191.63,41212.4,5910.25,0.574353,0.532844,0.724952,0.78513,0.538369,0.636359
-8186.04,0.861333,0.559571,3,7,0,8193.3,42451.6,5974.59,0.59201,0.529998,0.742077,0.727286,0.538008,0.702764
-8184.37,0.922642,0.559571,3,7,0,8190.46,42546.6,5652.02,0.563038,0.52994,0.694244,0.737065,0.52076,0.658914
-8185.46,0.897542,0.559571,3,7,0,8188.35,41728.9,5864.8,0.577517,0.497515,0.740689,0.742075,0.519205,0.639592
-8183.87,0.903495,0.559571,3,7,0,8189.77,42375,5850.27,0.576035,0.535109,0.694681,0.74133,0.531072,0.674487
-8185.84,0.941878,0.559571,3,7,0,8186.77,42407.9,6097.88,0.573659,0.523702,0.748934,0.765187,0.536173,0.682929
-8184.65,0.988592,0.559571,3,7,0,8188.53,42447.5,5746.37,0.568819,0.514313,0.706784,0.745794,0.544541,0.635111
-8186.24,0.82722,0.559571,3,7,0,8189.5,42608.7,5972.05,0.569902,0.512781,0.723471,0.716421,0.52145,0.706012
-8187.64,0.918686,0.559571,3,7,0,8189.88,42655.2,5816.13,0.554489,0.561769,0.709009,0.758125,0.541426,0.659918
-8186.31,0.957124,0.559571,3,7,0,8192.89,42844.9,5964.14,0.575349,0.507992,0.694884,0.704046,0.527645,0.658527
-8188.23,0.832738,0.559571,3,7,0,8191.98,42831.8,5543.96,0.57267,0.50317,0.696719,0.753157,0.550201,0.695876
-8189.56,0.940901,0.559571,3,7,0,8192.27,42151.8,6290.08,0.58805,0.544158,0.75296,0.743411,0.517316,0.629817
-8188,1,0.559571,3,7,0,8192.33,42793.6,5684.27,0.567242,0.528812,0.691634,0.763588,0.534807,0.710759
-8184.9,0.865356,0.559571,2,3,0,8191.5,42538.2,5954.04,0.573093,0.524071,0.706559,0.746661,0.532282,0.710739
-8185.48,0.888113,0.559571,3,7,0,8187.9,41609.6,6023.98,0.577784,0.537438,0.724648,0.733151,0.531544,0.667998
-8184.52,0.748758,0.559571,2,7,0,8189.36,42146,6066.16,0.573609,0.532924,0.738619,0.750496,0.537973,0.644965
-8183.33,0.915457,0.559571,3,15,0,8185.77,42533.1,5676.89,0.569899,0.51936,0.708938,0.739301,0.517688,0.674828
-8184.1,0.886099,0.559571,3,7,0,8186.73,41614.3,5985.95,0.582885,0.52503,0.735934,0.761589,0.542566,0.665077
-8186.42,0.84042,0.559571,3,7,0,8190.33,41774.4,5761.54,0.58241,0.48915,0.735563,0.740843,0.511289,0.636366
-8189.21,0.79356,0.559571,3,7,0,8190.9,42945.7,5915.8,0.555193,0.545123,0.682453,0.724704,0.543201,0.716551
-8185.77,0.965591,0.559571,3,7,0,8192.23,41784.6,5973.09,0.595341,0.497196,0.733511,0.756892,0.526553,0.630432
-8185.85,0.910049,0.559571,3,15,0,8188.08,41789.2,5924.11,0.579359,0.548202,0.719107,0.751315,0.548076,0.695938
-8184.18,0.810517,0.559571,3,7,0,8189.01,42212.8,5783.98,0.572651,0.499925,0.711327,0.739754,0.510438,0.658508
-8183.58,0.90062,0.559571,3,7,0,8186.73,42164.8,5764.92,0.567135,0.534997,0.718505,0.727536,0.531503,0.658755
-8185.97,0.687663,0.559571,2,3,0,8189.43,42153.8,5425.12,0.579468,0.513454,0.729472,0.74346,0.524857,0.654522
-8187.5,0.975066,0.559571,3,7,0,8188.9,42691,6469.88,0.573423,0.547015,0.713358,0.750459,0.539302,0.676333
-8187.19,1,0.559571,3,7,0,8191.1,43024,6398.79,0.567558,0.54574,0.714685,0.739596,0.523336,0.685232
-8187.26,0.853569,0.559571,3,7,0,8191.39,42254.5,5482.12,0.591959,0.498137,0.732447,0.729215,0.536968,0.645363
-8187.12,1,0.559571,3,7,0,8189.33,42572.5,6314.49,0.558091,0.549482,0.70412,0.754457,0.519951,0.681611
-8190.25,0.552136,0.559571,3,7,0,8197.32,41156.5,5823.58,0.594828,0.513265,0.734292,0.727442,0.546257,0.67814
-8191.01,0.996262,0.559571,3,7,0,8194.63,42322.5,6080.53,0.534853,0.534308,0.70145,0.74437,0.504264,0.697006
-8185.38,0.979763,0.559571,3,7,0,8193.54,42878.2,6041.23,0.590377,0.522012,0.734709,0.738795,0.53175,0.683203
-8183.48,0.977127,0.559571,3,7,0,8187.98,42349.6,5709.2,0.560509,0.524594,0.708339,0.742495,0.528551,0.649349
-8185.38,0.845534,0.559571,3,7,0,8186.8,42455.4,5696.67,0.570102,0.484204,0.721595,0.738566,0.539148,0.643036
-8187.12,0.899911,0.559571,3,7,0,8190.7,41408,6136.79,0.60426,0.561077,0.731017,0.767749,0.528956,0.665742
-8183.85,0.99643,0.559571,3,7,0,8188.81,41986.8,5903.71,0.588158,0.531509,0.739917,0.739611,0.53737,0.656661
-8185.04,0.717993,0.559571,3,7,0,8190.21,41822.4,5884.08,0.583158,0.554505,0.712911,0.733788,0.536008,0.657237
-8185.64,0.99719,0.559571,3,7,0,8187.9,42953.7,5901.76,0.559521,0.48916,0.714599,0.733431,0.517263,0.691868
-8186.91,0.997687,0.559571,3,7,0,8188.66,43502.6,5689.59,0.559424,0.527117,0.691123,0.719999,0.506812,0.684146
-8185.39,0.947423,0.559571,3,7,0,8189.34,42018.7,6144.8,0.584305,0.5083,0.735177,0.752917,0.541209,0.692024
-8186.93,0.733668,0.559571,3,7,0,8188.72,42347.8,5797.95,0.578613,0.548929,0.729628,0.758192,0.530354,0.630004
-8186.39,0.952923,0.559571,3,7,0,8189.9,41553.1,6158.78,0.575748,0.501153,0.726521,0.746087,0.550222,0.650741
-8186.55,0.978919,0.559571,3,7,0,8189.17,42525.1,5735.7,0.581916,0.556166,0.729839,0.757216,0.531754,0.703917
-8185.86,0.97062,0.559571,3,7,0,8190.25,42139.3,5922.92,0.598047,0.533277,0.735629,0.724459,0.552673,0.673117
-8185.79,0.956078,0.559571,3,7,0,8189.98,42160.2,5883.8,0.556356,0.502071,0.709502,0.770509,0.52272,0.659507
-8184.99,0.99706,0.559571,3,7,0,8187.96,42125.4,6118.54,0.566365,0.516881,0.725206,0.769614,0.537621,0.68274
-8185.44,0.996891,0.559571,3,7,0,8187.78,41890.2,5929.51,0.578082,0.496214,0.730987,0.758306,0.558341,0.657619
-8186.81,0.935913,0.559571,2,3,0,8187.63,41543.6,5868.38,0.575889,0.488361,0.743454,0.756619,0.553665,0.651804
-8190.04,0.537866,0.559571,3,7,0,8198.49,42459.5,6313.96,0.598544,0.516887,0.719709,0.729266,0.494927,0.688835
-8185.95,0.979665,0.559571,2,7,0,8192.4,42331,6003.6,0.59326,0.51397,0.719722,0.729613,0.505341,0.683192
-8184.95,1,0.559571,3,7,0,8187.91,42477.4,5752.94,0.580696,0.525438,0.737405,0.753447,0.544722,0.689293
-8187.24,0.47368,0.559571,3,7,0,8194.68,42025.3,5785.75,0.598066,0.477399,0.710585,0.737814,0.524928,0.669629
-8189.23,0.898857,0.559571,3,7,0,8193,42037,6394.23,0.570246,0.585877,0.730238,0.764757,0.544145,0.671472
-8190.3,0.786238,0.559571,3,7,0,8196.47,41848.2,5846.24,0.588852,0.575465,0.689404,0.76898,0.532076,0.678823
-8185.06,0.881099,0.559571,2,3,0,8193.14,41536.7,6047.97,0.581874,0.535978,0.722883,0.74177,0.540096,0.664363
-8185.4,0.940391,0.559571,3,7,0,8189.27,42915.2,6040.84,0.570058,0.510038,0.699529,0.715051,0.538025,0.669632
-8183.89,0.984813,0.559571,3,7,0,8186.91,42275.9,5705.86,0.58022,0.522813,0.719432,0.754562,0.513436,0.657287
-8185.32,0.79544,0.559571,3,7,0,8187.39,42613.9,5735.1,0.584957,0.51958,0.70544,0.753256,0.518327,0.639913
-8186.79,0.932809,0.559571,3,7,0,8189.2,43219.7,6074.19,0.563237,0.539668,0.73348,0.734911,0.542895,0.696336
-8188.57,0.953395,0.559571,3,7,0,8192.58,43153.1,5789.46,0.55941,0.502063,0.675699,0.733025,0.497826,0.682195
-8189,0.973547,0.559571,3,7,0,8192.53,40984.1,6184.42,0.601796,0.549907,0.750388,0.757093,0.56456,0.661164
-8187.87,0.930118,0.559571,3,7,0,8191.92,41319.5,6126.4,0.592649,0.54551,0.712695,0.766231,0.56736,0.656221
-8186.12,0.95142,0.559571,3,7,0,8192.68,42000.9,6130.16,0.569784,0.5061,0.73649,0.73749,0.511719,0.660942
-8188.39,0.895741,0.559571,3,7,0,8190.84,42555.1,5574.36,0.572029,0.523692,0.68007,0.748557,0.53999,0.698561
-8185.45,1,0.559571,3,7,0,8191.51,41735.1,6121.88,0.601967,0.528434,0.723312,0.740602,0.525529,0.65729
-8185.59,0.943545,0.559571,3,7,0,8189.34,42763.2,5716.3,0.556028,0.500154,0.709305,0.717509,0.533922,0.690555
-8186.63,0.916642,0.559571,3,7,0,8191.07,42076.8,5594.6,0.586452,0.502991,0.719723,0.758033,0.558866,0.653521
-8188,0.886116,0.559571,3,15,0,8191.76,41374.8,6143.25,0.58116,0.513693,0.716562,0.773823,0.556767,0.678814
-8184.8,0.99605,0.559571,3,7,0,8189.66,42648.2,5881.7,0.575584,0.540827,0.713762,0.759727,0.523205,0.656898
-8190.51,0.705574,0.559571,2,3,0,8192.03,41564.5,6253.18,0.557564,0.523852,0.715014,0.764623,0.498278,0.65384
-8188.12,0.998988,0.559571,3,7,0,8192.69,42032,5653.13,0.591883,0.530997,0.743286,0.753325,0.553314,0.631516
-8186.21,0.958406,0.559571,3,7,0,8192.63,43091.8,6123.45,0.56807,0.509018,0.713628,0.75364,0.51296,0.677117
-8184.93,0.983909,0.559571,3,7,0,8187.65,42201.1,5773.85,0.562961,0.547426,0.726669,0.729948,0.52848,0.682721
-8184.98,0.971385,0.559571,3,7,0,8188.04,42165.7,5953.38,0.599496,0.506549,0.718562,0.743546,0.513065,0.663544
-8184.21,0.970966,0.559571,3,7,0,8187.5,41913.4,5696.58,0.568955,0.540986,0.728978,0.749393,0.531933,0.651454
-8186.26,0.833881,0.559571,3,7,0,8188.69,42672.5,5856.65,0.592649,0.524882,0.69503,0.757155,0.516593,0.697299
-8184.68,0.989933,0.559571,3,7,0,8188.23,42275.4,5884.96,0.555021,0.523002,0.72306,0.724398,0.545465,0.655862
-8184.83,0.948832,0.559571,3,7,0,8187.42,42445.1,5751.16,0.589868,0.5137,0.705788,0.760079,0.515673,0.671516
-8186.23,0.645709,0.559571,3,7,0,8191.21,42305.3,6193.2,0.553811,0.543492,0.712194,0.767198,0.531177,0.669964
-8185.75,0.975614,0.559571,3,7,0,8188.3,42215.1,5644,0.598503,0.506794,0.727527,0.721538,0.531541,0.654449
-8186.18,0.968817,0.559571,3,7,0,8187.97,42074.2,6088.35,0.564249,0.542662,0.710014,0.778958,0.538981,0.679106
-8187.32,0.700932,0.559571,3,7,0,8192.46,42428.3,5574.71,0.597569,0.50608,0.732689,0.715893,0.528715,0.655071
-8186.42,1,0.559571,3,7,0,8188.63,42077.1,5937.65,0.546315,0.521846,0.70353,0.766975,0.533022,0.648442
-8189.89,0.84384,0.559571,2,7,0,8191.82,42099.7,5961.93,0.539332,0.559616,0.71081,0.775519,0.541616,0.649104
-8189.39,0.930083,0.559571,2,3,0,8192.98,41836,6041.13,0.547113,0.547918,0.693379,0.77155,0.525355,0.664367
-8187.99,0.985774,0.559571,3,7,0,8190.91,42096.6,5875.96,0.606372,0.506326,0.744868,0.720072,0.536011,0.683573
-8186.38,1,0.559571,3,7,0,8189.49,42137.4,6032.84,0.603344,0.510711,0.736134,0.729655,0.543282,0.687883
-8189.2,0.838905,0.559571,3,7,0,8193.74,41816.6,5759.46,0.59489,0.534323,0.741175,0.768009,0.572931,0.693206
-8187.84,1,0.559571,3,7,0,8191.72,41863.4,6148.46,0.577385,0.517561,0.712771,0.736255,0.500304,0.626211
-8190.54,0.702994,0.559571,3,7,0,8197.3,42232.2,5832.24,0.592749,0.523132,0.719726,0.791874,0.552891,0.714514
-8186.77,0.99305,0.559571,3,7,0,8192.99,42717,6053.14,0.558573,0.530488,0.727453,0.702721,0.528859,0.670555
-8187.48,0.951789,0.559571,3,7,0,8190.87,41772.9,5720,0.590823,0.510798,0.735045,0.784561,0.518479,0.668349
-8184.95,0.999961,0.559571,3,7,0,8188.76,42407.7,6075.74,0.569568,0.533702,0.707382,0.733714,0.539246,0.638194
-8188.68,0.932375,0.559571,3,7,0,8189.07,41767.4,5644.27,0.593901,0.496063,0.740404,0.759249,0.517666,0.691508
-8187.07,1,0.559571,3,7,0,8193,42808.5,6091.8,0.54961,0.501344,0.70111,0.725829,0.54162,0.648425
-8186.25,0.989009,0.559571,3,7,0,8189.69,42902.1,5577.74,0.57377,0.530699,0.714753,0.731806,0.501736,0.686641
-8188.38,0.872421,0.559571,3,7,0,8189.66,41831.1,6300.66,0.573944,0.498434,0.719675,0.758178,0.56058,0.635211
-8189.65,0.811973,0.559571,3,7,0,8193.28,42611.8,5584.58,0.571236,0.536922,0.721709,0.717172,0.503315,0.71398
-8193.57,0.892906,0.559571,2,3,0,8195.65,42774.1,5609.61,0.565498,0.555704,0.733173,0.707853,0.50181,0.722358
-8190.37,1,0.559571,3,7,0,8197.13,41574.6,6301.59,0.577089,0.502797,0.689866,0.770592,0.548355,0.633073
-8192.81,0.970414,0.559571,3,7,0,8195.72,41148.8,6251.16,0.576539,0.501168,0.690275,0.790545,0.546916,0.639322
-8188.68,1,0.559571,3,7,0,8195.76,42290.3,6060.12,0.616893,0.506792,0.743942,0.759615,0.543482,0.670166
-8188.29,0.982825,0.559571,3,7,0,8192.58,42757.4,6091.4,0.550628,0.551083,0.71923,0.741562,0.532427,0.633884
-8186.44,0.99464,0.559571,3,7,0,8191.65,42877.2,5740.22,0.596779,0.499725,0.720061,0.740541,0.526756,0.698899
-8183.83,0.990724,0.559571,3,7,0,8188.06,41996.8,5968.5,0.575673,0.529613,0.735674,0.75021,0.526261,0.682691
-8188.69,0.716302,0.559571,2,7,0,8191.06,42394.1,6321.17,0.592608,0.487209,0.70726,0.75946,0.540067,0.65892
-8190.85,0.876045,0.559571,2,7,0,8193.89,42754,6513.9,0.582003,0.489368,0.706055,0.739785,0.522787,0.663356
-8185.9,0.939308,0.559571,2,7,0,8194.27,42983.3,6186.23,0.584157,0.502666,0.708952,0.736711,0.531295,0.684039
-8185.43,0.887172,0.559571,3,7,0,8191.04,42279.1,5863.66,0.558228,0.528757,0.708214,0.7261,0.534942,0.623599
-8184.72,0.95055,0.559571,3,7,0,8189.56,42533.5,5705.23,0.560582,0.516489,0.692823,0.731828,0.522579,0.637841
-8186.56,0.725755,0.559571,3,7,0,8190.03,42959.5,5922.11,0.576452,0.542051,0.739999,0.750484,0.526362,0.708811
-8184.92,0.978342,0.559571,2,7,0,8188.27,42411.4,5875.26,0.581274,0.530919,0.735333,0.751358,0.529427,0.709057
-8185.2,0.990876,0.559571,3,7,0,8187.09,42799.9,5974.07,0.575339,0.528104,0.69392,0.723683,0.514174,0.651507
-8185.29,0.972511,0.559571,3,7,0,8187,42304.6,5738.16,0.573735,0.518481,0.742326,0.761745,0.543051,0.678389
-8185.79,0.968088,0.559571,3,7,0,8188.96,42372.9,5966.09,0.59698,0.532383,0.722155,0.720781,0.535747,0.640799
-8185.77,0.9656,0.559571,3,7,0,8188.08,42075.9,6021.76,0.590917,0.499493,0.708809,0.724425,0.527198,0.664245
-8186.27,0.975355,0.559571,3,7,0,8188.84,42575.6,5714.09,0.559884,0.557259,0.729706,0.74862,0.525089,0.688667
-8189.63,0.796185,0.559571,3,7,0,8195.09,43159.8,6007.41,0.537368,0.522114,0.711118,0.742916,0.498541,0.712801
-8188.64,0.988951,0.559571,3,7,0,8193.62,42865.3,6090.35,0.573114,0.529049,0.739233,0.74608,0.500178,0.720321
-8188.36,0.910896,0.559571,3,7,0,8191.37,41641.5,5745.25,0.57307,0.51991,0.688073,0.728299,0.553542,0.623809
-8184.57,0.996051,0.559571,3,7,0,8190.17,41848.4,5748.7,0.590934,0.517301,0.730302,0.757828,0.529445,0.632823
-8184.46,0.898348,0.559571,3,7,0,8188.6,42822.1,6091.23,0.582542,0.530536,0.705223,0.741515,0.54118,0.677739
-8184.36,0.988818,0.559571,3,7,0,8185.65,41924.7,5882.09,0.577923,0.538028,0.731389,0.751684,0.521761,0.686067
-8185.3,0.910571,0.559571,3,7,0,8187.62,42067.2,5946.55,0.57185,0.510018,0.699811,0.727982,0.548866,0.642456
-8186.32,0.954261,0.559571,3,7,0,8188.48,42756.4,5500.79,0.569656,0.511816,0.724274,0.742267,0.511707,0.654143
-8189.3,0.443171,0.559571,3,7,0,8197.94,42561.1,6210.59,0.604853,0.504284,0.701385,0.72809,0.553127,0.650099
-8186.48,0.900997,0.559571,3,7,0,8192.54,42003,5556.44,0.572383,0.539363,0.732743,0.764736,0.532912,0.648307
-8186.16,0.952766,0.559571,3,7,0,8190.73,41987.8,6124.26,0.589699,0.517634,0.730089,0.723529,0.53494,0.630882
-8184.12,0.961488,0.559571,2,7,0,8187.96,42155.2,5923.58,0.586695,0.53082,0.730748,0.734706,0.534462,0.639252
-8187.67,0.86599,0.559571,3,7,0,8191.98,42814.2,5829.8,0.57842,0.527098,0.692181,0.716687,0.49121,0.654437
-8190.07,0.762425,0.559571,3,7,0,8195.53,43261,5850.55,0.533246,0.523133,0.691394,0.7156,0.54785,0.653236
-8185.37,0.852167,0.559571,3,7,0,8197.97,41750.5,6028.06,0.578853,0.530472,0.736872,0.739318,0.511468,0.658893
-8185.34,1,0.559571,3,7,0,8187.24,42647.5,5877.48,0.563226,0.520764,0.695773,0.735503,0.546638,0.698289
-8184.7,0.847793,0.559571,3,7,0,8190.43,41941.8,6030.77,0.564703,0.537988,0.731936,0.765793,0.537076,0.647823
-8186.66,0.945304,0.559571,3,7,0,8188.32,41476.1,6052.51,0.574978,0.491791,0.732598,0.76263,0.526032,0.633377
-8184.93,0.99129,0.559571,3,7,0,8188.18,41694.5,5714.97,0.584491,0.525355,0.737044,0.74996,0.532952,0.62712
-8185.38,0.756547,0.559571,3,7,0,8189.7,42256,6129.97,0.577112,0.527272,0.712356,0.747842,0.524078,0.702252
-8187.86,0.935563,0.559571,3,7,0,8189.75,42937.6,5685.45,0.570623,0.534191,0.714938,0.766643,0.544122,0.703854
-8189.42,0.958846,0.559571,3,7,0,8195.24,41132.8,6103.9,0.594185,0.48738,0.749425,0.755288,0.523896,0.625063
-8189.94,0.829616,0.559571,3,7,0,8195.7,41852,6073.28,0.600554,0.499856,0.766092,0.743753,0.523553,0.63142
-8185.19,0.726111,0.559571,3,7,0,8194.89,41742.8,6196.31,0.571425,0.52863,0.71731,0.758223,0.530578,0.646353
-8184.21,0.83784,0.559571,3,7,0,8191.01,42642.5,5542.17,0.572472,0.512238,0.718368,0.72893,0.524571,0.667795
-8187.54,0.655428,0.559571,3,15,0,8189.22,42309.5,6205.92,0.58611,0.532865,0.730335,0.77007,0.539918,0.635149
-8183.45,1,0.559571,3,15,0,8188.26,42272.1,5722.83,0.578809,0.528784,0.729713,0.744369,0.541207,0.674983
-8188.48,0.669299,0.559571,2,7,0,8190.1,42324.7,5444.73,0.577338,0.513861,0.747241,0.724072,0.519868,0.658172
-8189.33,0.999869,0.559571,3,7,0,8191.46,41920,6453.36,0.580037,0.532317,0.697919,0.776511,0.549479,0.661256
-8186.5,0.939479,0.559571,3,7,0,8195.57,42036.8,6116.98,0.576732,0.506237,0.703788,0.767741,0.555613,0.674157
-8185.83,0.956643,0.559571,3,7,0,8189.43,42043.4,5671.31,0.587751,0.534046,0.725522,0.727079,0.506998,0.663665
-8185.7,0.913016,0.559571,3,7,0,8189.25,42469.8,6129.26,0.552728,0.512675,0.702967,0.752657,0.523122,0.672024
-8185.5,0.987926,0.559571,3,7,0,8188.08,42906.8,5729.02,0.557901,0.541657,0.727224,0.733133,0.514773,0.685575
-8185.16,0.951052,0.559571,3,7,0,8189.53,42908.9,5940.22,0.578124,0.493622,0.697107,0.727976,0.533589,0.668048
-8188.08,0.889402,0.559571,3,7,0,8189.47,42853,5917.28,0.601371,0.491692,0.699577,0.724237,0.517651,0.694676
-8188.82,0.964848,0.559571,3,7,0,8193.94,42850.9,6009.72,0.578552,0.527159,0.704053,0.744661,0.479513,0.674589
-8188.07,0.876352,0.559571,3,7,0,8193.12,41899.8,5682.08,0.564301,0.510178,0.728018,0.722346,0.567946,0.656786
-8184.41,0.87545,0.559571,2,3,0,8192.36,42170.4,5685.82,0.570102,0.50587,0.730939,0.749181,0.547905,0.668922
-8183.77,0.907357,0.559571,3,7,0,8186.81,42882.5,5955.97,0.581308,0.53795,0.711887,0.737668,0.524816,0.683644
-8186.04,0.800275,0.559571,3,7,0,8188.53,41445.4,6169.23,0.565462,0.530809,0.725751,0.76449,0.540497,0.65213
-8187.3,0.856512,0.559571,2,7,0,8194.43,41981.2,6344.06,0.560246,0.557469,0.722703,0.744842,0.540204,0.655842
-8186.11,1,0.559571,3,7,0,8189.33,42839.6,5550.96,0.585708,0.501418,0.713137,0.73708,0.518552,0.692854
-8187.54,0.947473,0.559571,3,7,0,8188.66,41442.5,6238.5,0.565051,0.546308,0.723402,0.747588,0.54239,0.629134
-8185.97,1,0.559571,3,7,0,8189.67,42621,5818.86,0.588782,0.538511,0.717384,0.763789,0.518648,0.703747
-8191.58,0.769834,0.559571,3,7,0,8193.36,42665,6290.78,0.553034,0.52671,0.707621,0.707664,0.564884,0.700363
-8188,1,0.559571,3,7,0,8196.04,41585.8,5788.82,0.58809,0.536305,0.729877,0.795752,0.544731,0.65226
-8191.7,0.79575,0.559571,3,7,0,8196.17,41331.2,6237.53,0.589973,0.525556,0.768357,0.735307,0.508306,0.666979
-8187.47,1,0.559571,2,3,0,8191.99,41925.2,6101.96,0.584537,0.539232,0.764908,0.758492,0.521066,0.656156
-8191.73,0.944572,0.559571,3,7,0,8193.58,41294.7,6470.79,0.586706,0.567666,0.755938,0.769624,0.513221,0.683575
-8185.6,0.986077,0.559571,3,7,0,8192.96,42201.7,5645.75,0.589553,0.49437,0.723338,0.743508,0.54388,0.638379
-8184.03,0.990231,0.559571,3,7,0,8186.87,42346.7,6032.45,0.565928,0.547703,0.727084,0.740346,0.523811,0.675161
-8184.81,0.663929,0.559571,3,7,0,8188.75,42019.2,5690.32,0.580077,0.512789,0.728724,0.731177,0.549423,0.638478
-8186.03,0.986484,0.559571,3,7,0,8187.05,41744.2,5639.74,0.58191,0.516939,0.725638,0.736773,0.555019,0.626341
-8184.91,0.897096,0.559571,2,7,0,8190.06,42768.9,5774.83,0.570978,0.532698,0.699188,0.742429,0.54018,0.703309
-8186.76,0.661518,0.559571,3,7,0,8191.36,43131.2,5890.38,0.578564,0.492276,0.717744,0.73411,0.515707,0.651014
-8188.85,0.853151,0.559571,2,7,0,8193.65,43183.4,6092.91,0.590228,0.495996,0.695634,0.746577,0.523471,0.653368
-8192.06,0.945181,0.559571,3,7,0,8198.95,43054.1,5389.95,0.539413,0.537925,0.71323,0.710915,0.520579,0.700476
-8189.81,1,0.559571,3,7,0,8196.81,41628,6150.78,0.598034,0.506233,0.712589,0.769333,0.532208,0.595754
-8190.75,1,0.559571,3,7,0,8193.72,43623.8,5512.66,0.551841,0.526596,0.718762,0.720616,0.528261,0.719122
-8187.94,1,0.559571,3,15,0,8192.19,41735.8,6380.11,0.600376,0.534128,0.71744,0.765907,0.534561,0.634196
-8188.49,0.963921,0.559571,3,7,0,8191.52,41804.2,6313.36,0.596293,0.498659,0.716047,0.768351,0.515851,0.64995
-8187.7,0.978615,0.559571,3,7,0,8191.08,42842.9,5501.54,0.561502,0.547946,0.71729,0.738378,0.541697,0.680251
-8190.26,0.794782,0.559571,3,7,0,8194.52,42934.6,6101.62,0.583032,0.483633,0.721798,0.740913,0.513976,0.627713
-8188.59,0.965322,0.559571,3,7,0,8196.31,42249.4,6206.8,0.591382,0.500293,0.715352,0.783263,0.517832,0.686563
-8186.61,0.975445,0.559571,3,7,0,8190.99,41661.4,5985.12,0.58295,0.546213,0.751282,0.74314,0.561603,0.658974
-8188.76,0.955787,0.559571,3,7,0,8190.3,41568.5,6171.24,0.56483,0.545484,0.747146,0.75832,0.571134,0.686206
-8186,1,0.559571,3,7,0,8190.05,42376.8,5741.41,0.586921,0.508702,0.703291,0.723321,0.499864,0.658443
# 
#  Elapsed Time: 11.148 seconds (Warm-up)
#                2.093 seconds (Sampling)
#                13.241 seconds (Total)
# 
