# stan_version_major = 2
# stan_version_minor = 30
# stan_version_patch = 0
# model = model_model
# start_datetime = 2024-11-23 21:49:19 UTC
# method = sample (Default)
#   sample
#     num_samples = 1000 (Default)
#     num_warmup = 1000 (Default)
#     save_warmup = 0 (Default)
#     thin = 1 (Default)
#     adapt
#       engaged = 1 (Default)
#       gamma = 0.050000000000000003 (Default)
#       delta = 0.80000000000000004 (Default)
#       kappa = 0.75 (Default)
#       t0 = 10 (Default)
#       init_buffer = 75 (Default)
#       term_buffer = 50 (Default)
#       window = 25 (Default)
#     algorithm = hmc (Default)
#       hmc
#         engine = nuts (Default)
#           nuts
#             max_depth = 10 (Default)
#         metric = diag_e (Default)
#         metric_file =  (Default)
#         stepsize = 1 (Default)
#         stepsize_jitter = 0 (Default)
#     num_chains = 1 (Default)
# id = 1 (Default)
# data
#   file = input/gene_289.json
# init = 2 (Default)
# random
#   seed = 1646903359 (Default)
# output
#   file = output/output_289.csv
#   diagnostic_file =  (Default)
#   refresh = 100 (Default)
#   sig_figs = -1 (Default)
#   profile_file = profile.csv (Default)
# num_threads = 1 (Default)
# stanc_version = stanc3 v2.30.1
# stancflags = 
lp__,accept_stat__,stepsize__,treedepth__,n_leapfrog__,divergent__,energy__,X,sigma,b.1,b.2,b.3,b.4,b.5,p_functional
# Adaptation terminated
# Step size = 0.224277
# Diagonal elements of inverse mass matrix:
# 842073, 0.00121483, 0.0302062, 0.685546, 0.100453, 0.00873441, 0.00854351, 0.0782618
-8005.23,0.948856,0.224277,3,7,0,8010.01,37332.6,6261.09,0.787509,0.976063,0.872534,0.6641,0.626809,0.862545
-8005.71,0.962374,0.224277,3,7,0,8008.76,37016.8,6244.77,0.807676,0.941575,0.912646,0.628402,0.619918,0.830729
-8005.67,0.998063,0.224277,4,15,0,8007.38,37051.7,6157.83,0.818318,0.964972,0.913462,0.625766,0.622463,0.846312
-8009.02,0.877045,0.224277,4,31,0,8012.14,36895.6,6263.7,0.802536,0.972148,0.932261,0.687134,0.650958,0.845455
-8008.77,0.970615,0.224277,3,7,0,8010.34,36061.3,6278.32,0.794923,0.971465,0.929352,0.686678,0.650446,0.848715
-8005.64,0.963142,0.224277,4,31,0,8010.96,38126.2,6490.17,0.808491,0.917546,0.895746,0.62291,0.614185,0.906791
-8004.61,0.978458,0.224277,4,15,0,8008.17,37750,6520.82,0.781681,0.953907,0.883833,0.647075,0.616071,0.901366
-8006.7,0.839794,0.224277,3,7,0,8009.99,37749.2,6515.45,0.785759,0.980654,0.876148,0.637397,0.623835,0.887984
-8006.6,0.987228,0.224277,4,31,0,8008.86,37261.3,6340.55,0.823454,0.930888,0.901798,0.681231,0.63567,0.866611
-8007.34,0.937696,0.224277,4,15,0,8010.76,36964.3,6490.89,0.789121,0.971004,0.915126,0.683392,0.622009,0.878351
-8006.8,0.985022,0.224277,4,15,0,8011.16,36827.4,6132.86,0.840803,0.952365,0.892641,0.673872,0.644906,0.888169
-8006.43,0.980388,0.224277,4,15,0,8011.86,37287.2,6539.55,0.782362,0.958761,0.884176,0.665569,0.606057,0.868636
-8005.52,0.996764,0.224277,4,15,0,8008.49,37368.6,6546.84,0.804274,0.946107,0.873382,0.671363,0.611436,0.864297
-8004.1,0.997739,0.224277,4,15,0,8007.82,37101.4,6108.62,0.795121,0.956732,0.890881,0.641297,0.651411,0.855916
-8003.54,0.997518,0.224277,4,15,0,8004.77,37397.9,6139.22,0.794732,0.947863,0.897019,0.640561,0.63992,0.845374
-8004.81,0.960756,0.224277,4,15,0,8006.75,37737.1,6125.98,0.782894,0.925741,0.904537,0.639595,0.629534,0.859547
-8003.71,0.923735,0.224277,2,7,0,8012.05,37551.2,6174.21,0.785134,0.929018,0.891941,0.651874,0.620334,0.853912
-8005.55,0.785282,0.224277,3,7,0,8007.46,37963.8,6144.16,0.797595,0.955298,0.849402,0.66107,0.620334,0.849525
-8005.71,0.837972,0.224277,3,15,0,8011.57,38439.3,6045.68,0.750119,0.928757,0.853453,0.633874,0.579916,0.838893
-8005.78,0.944504,0.224277,3,7,0,8007.83,38656.4,6013.52,0.766822,0.889405,0.862162,0.626469,0.584634,0.833126
-8004.19,0.670915,0.224277,4,15,0,8010.45,38539.4,6356.97,0.771759,0.907434,0.832979,0.602475,0.613049,0.850751
-8005.08,0.990066,0.224277,4,23,0,8006.01,38056.1,6136.92,0.787699,0.949467,0.864496,0.657414,0.61546,0.902393
-8004.78,0.946695,0.224277,4,15,0,8007.32,38243.7,6692.59,0.794815,0.921012,0.878287,0.634934,0.630923,0.879725
-8009.56,0.631209,0.224277,4,15,0,8016.77,35580.3,6110.59,0.850096,0.986739,0.918898,0.66269,0.646177,0.834659
-8007.02,1,0.224277,4,15,0,8011.28,36205.3,6389.42,0.856547,0.989367,0.918274,0.664601,0.674387,0.852599
-8005.15,0.984954,0.224277,4,15,0,8009.75,36829.8,6298.62,0.790714,0.979044,0.913549,0.651567,0.63093,0.861405
-8005.05,0.99148,0.224277,3,15,0,8006.91,37297,6294.21,0.833772,0.93577,0.878637,0.646754,0.648987,0.886467
-8005.22,0.933656,0.224277,3,7,0,8012.18,36734,6281.45,0.834524,0.968964,0.909795,0.645001,0.637713,0.900043
-8006.26,0.989188,0.224277,4,15,0,8009.98,36872.3,6380.51,0.808461,0.953811,0.866439,0.651087,0.622986,0.799828
-8006.37,0.980998,0.224277,4,15,0,8010.91,38027.6,6482.09,0.80775,0.929913,0.851321,0.670105,0.622213,0.859398
-8006.36,0.981302,0.224277,3,15,0,8009.69,37733.2,6622.78,0.805083,0.920074,0.875913,0.666821,0.631691,0.854685
-8004.8,0.97723,0.224277,4,31,0,8009.68,39140.9,5920.94,0.770138,0.916291,0.849014,0.605057,0.612645,0.873676
-8008.14,0.853618,0.224277,3,7,0,8012.82,39242.4,6010.14,0.76994,0.875083,0.791269,0.621446,0.624357,0.87727
-8004.37,1,0.224277,3,15,0,8009.03,37800.9,6286.89,0.778156,0.931737,0.89635,0.621449,0.610212,0.861394
-8008.38,0.960695,0.224277,4,31,0,8012.02,38725.9,5730.77,0.777262,0.908583,0.791935,0.602736,0.623489,0.839035
-8008.66,0.987889,0.224277,4,31,0,8012.16,37251.5,6885.77,0.849851,0.942549,0.882309,0.664708,0.637491,0.887276
-8010.31,0.97585,0.224277,4,15,0,8014.36,36867.4,6764.89,0.838704,0.959821,0.905356,0.667953,0.59373,0.892004
-8005.61,0.991167,0.224277,4,15,0,8013.87,37547.9,6549.44,0.815403,0.942772,0.898334,0.625497,0.649859,0.918813
-8007.45,0.708226,0.224277,4,23,0,8011.98,37025.8,6191.52,0.803706,0.925456,0.876276,0.622818,0.60787,0.820527
-8004.79,0.997143,0.224277,4,15,0,8012.66,37773.6,6572.45,0.768707,0.941324,0.871485,0.649621,0.622922,0.878545
-8004.09,0.981134,0.224277,4,15,0,8006.51,38002.9,6522.2,0.767583,0.942789,0.862971,0.639173,0.627636,0.863785
-8005.51,0.829868,0.224277,4,15,0,8010.54,37687.8,6654.86,0.82501,0.92105,0.888158,0.647387,0.62918,0.905954
-8005.96,0.997524,0.224277,4,15,0,8007.38,37085.9,6067.27,0.798765,0.976797,0.900076,0.653421,0.64932,0.834549
-8005.12,0.982379,0.224277,4,15,0,8007.67,37840.4,6506.99,0.817698,0.917744,0.893718,0.649395,0.621762,0.875717
-8007.06,0.600397,0.224277,4,15,0,8019.56,38130.4,6488.23,0.78675,0.909513,0.843517,0.666269,0.635668,0.855216
-8006.72,0.999847,0.224277,4,15,0,8010.39,37068.4,6151.2,0.834066,0.970219,0.915703,0.631401,0.628541,0.88694
-8004.25,0.99722,0.224277,4,15,0,8008.51,37473.7,6392.34,0.806215,0.957543,0.885403,0.672577,0.638811,0.901335
-8002.64,0.989719,0.224277,4,31,0,8006.22,38667.2,6350.12,0.782099,0.910704,0.864693,0.622641,0.614038,0.874348
-8004.04,0.949502,0.224277,4,15,0,8006.52,38063.3,6008.85,0.790045,0.932634,0.84701,0.635443,0.596269,0.826765
-8004.21,0.858122,0.224277,4,15,0,8007.84,37654.7,6132.59,0.774188,0.926784,0.84199,0.6278,0.613232,0.829275
-8006.09,0.855826,0.224277,4,31,0,8010.28,37316.8,6415.3,0.778517,0.949863,0.885108,0.665009,0.618397,0.896233
-8005.92,0.929618,0.224277,3,15,0,8010.34,37225.3,6285.1,0.803057,0.955509,0.873093,0.673394,0.617107,0.893689
-8006.16,0.983227,0.224277,4,15,0,8010.71,37027.3,6424.63,0.810309,0.976379,0.909554,0.624286,0.658152,0.854867
-8005.76,0.990786,0.224277,4,15,0,8010.19,36907.7,6218.46,0.820387,0.954442,0.894222,0.679323,0.618138,0.857112
-8005.85,0.969924,0.224277,4,15,0,8008.95,37358.9,6576.13,0.788478,0.959828,0.886488,0.623804,0.655495,0.863416
-8007.73,0.90247,0.224277,4,15,0,8008.9,37008.7,6653.69,0.794231,0.940012,0.885056,0.627906,0.660817,0.86887
-8005.78,0.96958,0.224277,4,15,0,8011.72,37863.8,6490.57,0.787969,0.930631,0.88762,0.642498,0.588803,0.874809
-8004.3,0.894953,0.224277,4,15,0,8008.85,37552.2,6063.36,0.790344,0.947764,0.875322,0.641229,0.598858,0.859552
-8006.21,0.901741,0.224277,4,15,0,8009.6,38394.2,6568.6,0.792951,0.927455,0.8651,0.630826,0.658777,0.920409
-8004.77,0.977929,0.224277,4,15,0,8009.67,37096.1,6389.49,0.839297,0.955536,0.895038,0.63856,0.63544,0.898418
-8006.58,0.728693,0.224277,4,15,0,8009.33,37998.2,6324.37,0.810976,0.962668,0.882668,0.659558,0.63748,0.874086
-8009.88,0.96516,0.224277,4,15,0,8014.6,36987.6,6115.17,0.817567,0.994535,0.923125,0.650817,0.645174,0.835635
-8011.48,0.993728,0.224277,3,7,0,8012.44,36145.5,6084.38,0.793969,0.99503,0.910224,0.647183,0.652644,0.874187
-8007.73,0.986989,0.224277,4,15,0,8014.7,36914.6,6784.63,0.843604,0.984033,0.891624,0.661538,0.631566,0.871706
-8011.37,0.963951,0.224277,4,15,0,8014.08,36216.2,6126.43,0.846278,0.985238,0.954622,0.677107,0.675051,0.915403
-8010.9,1,0.224277,4,15,0,8014.52,35935.7,6938.52,0.840294,0.979485,0.955275,0.665248,0.641225,0.842227
-8008.92,0.746505,0.224277,3,7,0,8016.64,36042.6,6717.98,0.837169,0.983733,0.942294,0.660945,0.624178,0.883703
-8009.68,0.976661,0.224277,3,15,0,8012.07,36710.8,6604.41,0.840209,0.978515,0.941999,0.661522,0.613274,0.841633
-8007.56,1,0.224277,4,15,0,8011,36344.5,6355.88,0.834548,0.983999,0.91042,0.67768,0.688683,0.890974
-8007.8,0.99649,0.224277,4,15,0,8009.9,36186.6,6861.43,0.849627,0.992582,0.931876,0.668761,0.655173,0.882828
-8006.52,0.966364,0.224277,4,31,0,8010.82,37458,6160.6,0.818391,0.973952,0.851857,0.629969,0.639573,0.861072
-8003.86,1,0.224277,4,15,0,8008.22,37708.8,6368.98,0.79959,0.952386,0.868599,0.650891,0.610118,0.894313
-8007.31,0.929156,0.224277,3,15,0,8010.62,37718.1,6654.9,0.795596,0.947507,0.889258,0.616284,0.611596,0.834446
-8002.62,0.975903,0.224277,3,7,0,8010.4,38408.2,6235.4,0.780793,0.931052,0.850857,0.624744,0.630599,0.858756
-8003.74,0.882491,0.224277,3,15,0,8006.07,37921,6276.11,0.771044,0.912229,0.851054,0.631306,0.612491,0.850067
-8002.8,0.86851,0.224277,2,3,0,8005.42,38192.8,6350.35,0.769196,0.923548,0.850767,0.62785,0.608631,0.852693
-8007.19,0.619339,0.224277,4,15,0,8013.14,37947.5,6475.93,0.774903,0.906866,0.831649,0.620471,0.613341,0.858432
-8007.26,1,0.224277,5,31,0,8009.29,36094.7,6672.5,0.852271,0.992925,0.930147,0.674303,0.660161,0.848331
-8005.17,0.970347,0.224277,4,31,0,8010.89,37426.3,6457.13,0.808703,0.96166,0.88926,0.660647,0.655178,0.924071
-8009.75,0.909788,0.224277,3,7,0,8011.42,38093.1,6576.69,0.838333,0.936282,0.888568,0.664364,0.604797,0.930697
-8006.65,0.983385,0.224277,3,7,0,8012.18,37703.1,6591.1,0.801652,0.951589,0.893707,0.643833,0.63493,0.942602
-8003.61,0.978748,0.224277,4,15,0,8009.04,38554.5,6465.37,0.78136,0.922946,0.838469,0.629706,0.623757,0.900116
-8006.59,0.900233,0.224277,3,7,0,8011.24,38298.5,6558.18,0.795783,0.923551,0.878392,0.626871,0.586886,0.857428
-8003.69,0.904849,0.224277,3,7,0,8010.75,37788.5,6096.27,0.782429,0.948181,0.872376,0.625944,0.60612,0.871352
-8006.33,0.746177,0.224277,4,15,0,8011.74,38771.4,5744.7,0.772514,0.927979,0.856151,0.61875,0.610645,0.868468
-8005.13,0.529755,0.224277,3,11,0,8015.91,38067.6,5958.99,0.76153,0.94991,0.833126,0.624399,0.622196,0.852702
-8008.46,0.938161,0.224277,3,15,0,8012.31,38927.2,6229.95,0.772704,0.894439,0.895109,0.607161,0.607948,0.897986
-8003.19,1,0.224277,3,7,0,8009.61,37800,6322.44,0.789352,0.94271,0.864651,0.62256,0.614901,0.880455
-8005.93,0.930694,0.224277,3,15,0,8008.11,38157.4,6086.88,0.819516,0.918205,0.87126,0.623309,0.614423,0.850034
-8004.51,0.876259,0.224277,4,15,0,8011.03,39319.1,6105.61,0.785074,0.90304,0.820801,0.62878,0.606543,0.877694
-8005.65,0.8751,0.224277,4,15,0,8008.6,38642.8,5932.51,0.764747,0.935285,0.843752,0.642933,0.591346,0.872754
-8004.06,0.969782,0.224277,4,23,0,8008.53,38090.2,6079.14,0.801588,0.928767,0.869207,0.650055,0.60478,0.877012
-8002.76,0.97858,0.224277,3,15,0,8005.87,37447.8,6418.62,0.80601,0.95199,0.87451,0.637898,0.62423,0.865661
-8004.33,0.953608,0.224277,4,15,0,8005.99,38429.2,6500.1,0.766006,0.912798,0.871684,0.629183,0.633425,0.898308
-8003.53,0.97999,0.224277,4,15,0,8006.26,37598.7,6229.54,0.808248,0.953193,0.857167,0.642614,0.61475,0.846059
-8004,0.953518,0.224277,3,7,0,8006.89,37953.7,6346.76,0.800134,0.923663,0.857527,0.641684,0.604879,0.836824
-8003.63,0.997224,0.224277,4,15,0,8005.82,38556,6059.72,0.768923,0.913421,0.86854,0.618674,0.63005,0.873125
-8004.29,0.984825,0.224277,3,15,0,8008.84,39392.6,6264.19,0.758567,0.90517,0.82948,0.605073,0.588044,0.901728
-8004.63,0.965557,0.224277,4,31,0,8011.59,38271,6555.75,0.804481,0.92634,0.879055,0.654067,0.639319,0.91333
-8004.36,0.929873,0.224277,3,15,0,8007.77,37393.1,6069.59,0.794077,0.970598,0.887003,0.63134,0.629863,0.850358
-8004.34,0.746693,0.224277,4,15,0,8009.42,36985.2,6098.23,0.804778,0.955015,0.893208,0.652879,0.633076,0.819383
-8003.64,0.953645,0.224277,4,31,0,8006.85,37948,6222.15,0.793314,0.959566,0.854386,0.629173,0.617318,0.857132
-8003.8,0.895451,0.224277,4,31,0,8006.07,37611.5,6206.95,0.80649,0.948962,0.901214,0.655108,0.635159,0.88192
-8004.36,0.982437,0.224277,4,15,0,8006.5,36960.3,6576.51,0.809312,0.976132,0.902387,0.64475,0.637248,0.87281
-8006.55,0.927719,0.224277,4,15,0,8009.39,36736.8,6352.7,0.841037,0.980081,0.869405,0.648547,0.635866,0.863606
-8007.13,0.946467,0.224277,4,15,0,8008.89,36432.5,6542.76,0.7983,0.984517,0.921376,0.656362,0.642843,0.888739
-8008.31,0.981839,0.224277,3,15,0,8010.81,37207.3,6421.44,0.8039,0.988783,0.925072,0.640915,0.641321,0.850541
-8004.76,0.984586,0.224277,4,31,0,8010.74,37474.2,6041.15,0.801895,0.950194,0.860831,0.656154,0.635863,0.82686
-8004.59,0.960787,0.224277,4,15,0,8007.76,37622.5,6159.07,0.77362,0.957306,0.870316,0.621458,0.604833,0.845041
-8005.19,0.986786,0.224277,5,31,0,8007.91,38448.3,6212.58,0.797248,0.907755,0.849902,0.643382,0.618005,0.832229
-8008.35,0.978917,0.224277,3,7,0,8011.07,39008.8,5958.22,0.762194,0.914734,0.869081,0.617359,0.608927,0.92356
-8005.06,0.920225,0.224277,3,7,0,8011.23,39095,6177.41,0.751005,0.893542,0.839036,0.625635,0.626605,0.90559
-8004.71,0.819533,0.224277,3,7,0,8008.73,38131.3,6387.78,0.798201,0.934801,0.842891,0.620928,0.597005,0.875215
-8007.31,0.996673,0.224277,5,31,0,8009.44,37373.6,6530.39,0.796214,0.961487,0.879313,0.667609,0.664465,0.926178
-8006.25,0.99615,0.224277,4,31,0,8008.86,37859,6563.11,0.797443,0.959526,0.874536,0.66368,0.652008,0.92276
-8006.02,0.915221,0.224277,2,7,0,8010.85,37911.3,6568.33,0.799598,0.966598,0.885691,0.658027,0.643775,0.916925
-8006.08,0.83319,0.224277,4,31,0,8010.99,37427,6092.86,0.769863,0.965621,0.852498,0.624043,0.609137,0.830783
-8005.74,0.972659,0.224277,4,23,0,8009.99,37406.5,6426.53,0.824637,0.959646,0.903873,0.65214,0.658685,0.929156
-8003.93,0.98897,0.224277,4,31,0,8008.55,37459.4,6510.47,0.796816,0.950457,0.898686,0.640843,0.644128,0.855663
-8003.39,0.937714,0.224277,4,15,0,8006.08,37379.3,6256.12,0.810582,0.955031,0.862601,0.633014,0.631202,0.863059
-8005.85,0.959817,0.224277,4,15,0,8007.83,37932,6556.92,0.792479,0.922528,0.838866,0.629053,0.605342,0.852219
-8004.12,1,0.224277,4,15,0,8007.03,36905.4,6371.98,0.820252,0.95823,0.885429,0.653952,0.656528,0.887211
-8004.74,0.99407,0.224277,3,15,0,8006.85,37495.1,6101.58,0.823292,0.961048,0.891181,0.645935,0.628488,0.882429
-8008.96,0.933509,0.224277,3,7,0,8010.39,37145.7,6002.04,0.818908,0.979235,0.857869,0.629432,0.639308,0.879415
-8005.55,0.99283,0.224277,4,15,0,8010.53,37339.7,6196.5,0.824542,0.976898,0.885044,0.629664,0.627638,0.856286
-8007.2,0.885957,0.224277,4,15,0,8009.23,38821.7,6123.02,0.794695,0.88067,0.832594,0.596062,0.601752,0.877982
-8005.11,0.88699,0.224277,3,7,0,8009.38,38603.9,6181.23,0.784043,0.945881,0.854756,0.606733,0.599835,0.876299
-8005.25,0.991583,0.224277,4,31,0,8006.96,37418.3,6213.53,0.766738,0.930239,0.862882,0.647922,0.635743,0.855931
-8005.14,0.717971,0.224277,3,15,0,8010.14,37695.4,6181.47,0.768985,0.928849,0.852832,0.641881,0.641626,0.875713
-8004.74,0.981568,0.224277,3,15,0,8007.06,38873.5,6183.29,0.785774,0.922459,0.850984,0.638526,0.631636,0.876898
-8004.57,0.941423,0.224277,3,15,0,8009.94,37471.3,6326.69,0.791713,0.955892,0.880272,0.646251,0.637413,0.911359
-8004.63,0.929439,0.224277,4,15,0,8009.79,38975.6,6441.65,0.772869,0.933655,0.83332,0.616947,0.611691,0.897005
-8004.12,0.907826,0.224277,4,15,0,8008.48,38760.6,6253.24,0.759932,0.914984,0.828596,0.619674,0.613022,0.898903
-8010.22,0.833554,0.224277,3,7,0,8011.37,39825.1,6435.72,0.730304,0.856407,0.850972,0.61047,0.621517,0.900644
-8008.39,1,0.224277,2,3,0,8011.21,39937.4,6362.66,0.738258,0.907031,0.851877,0.614819,0.619263,0.899496
-8006.52,0.990862,0.224277,4,15,0,8009.91,39669.5,6319.82,0.743982,0.915595,0.807708,0.616841,0.591139,0.902372
-8004.03,0.786345,0.224277,4,15,0,8010.89,37436.1,5973.83,0.798007,0.943324,0.862866,0.624828,0.625974,0.826702
-8004,0.982943,0.224277,4,15,0,8005.8,39716.8,6253.99,0.745993,0.884479,0.817496,0.621404,0.587205,0.888491
-8005.82,0.538442,0.224277,4,15,0,8008.1,37548.9,5982.19,0.807371,0.95524,0.887221,0.653045,0.648365,0.86387
-8004.69,1,0.224277,4,15,0,8007.2,37067.8,6167.39,0.798153,0.942526,0.899909,0.646466,0.644563,0.883955
-8006.34,0.883323,0.224277,4,15,0,8008.86,37923.7,6312.54,0.797635,0.953361,0.900596,0.669556,0.629254,0.882661
-8004.31,0.94071,0.224277,3,7,0,8007.64,37665.2,6286.43,0.790992,0.951871,0.901991,0.66197,0.635167,0.882835
-8003.71,1,0.224277,4,23,0,8004.99,38025.3,6461.9,0.80597,0.91566,0.867055,0.623581,0.62421,0.881824
-8004.42,0.999144,0.224277,4,15,0,8006.2,37599.7,6635.5,0.790287,0.940404,0.877749,0.65239,0.631983,0.902071
-8007.43,0.922603,0.224277,4,31,0,8009.18,36470.8,6508.82,0.847087,0.957197,0.916599,0.665498,0.658303,0.930545
-8008.2,0.928388,0.224277,4,15,0,8010.87,37591.3,6793.97,0.821436,0.971122,0.888375,0.655948,0.670627,0.921481
-8005.26,1,0.224277,4,15,0,8010.13,36813.4,6651,0.812704,0.963644,0.923446,0.673345,0.638596,0.881885
-8004.81,0.885815,0.224277,4,15,0,8008.17,36392.3,6382.55,0.823004,0.965067,0.914536,0.675575,0.644178,0.87666
-8007.97,0.917429,0.224277,4,15,0,8010.13,35744.2,6586.77,0.826287,0.984999,0.950479,0.659194,0.668171,0.845585
-8007.55,0.961424,0.224277,4,15,0,8012.63,36366.1,6562.3,0.861054,0.975897,0.936655,0.688317,0.654275,0.926592
-8004.4,0.984571,0.224277,4,31,0,8010.61,36967.3,6554.71,0.800209,0.962112,0.885956,0.657142,0.648264,0.852318
-8002.77,0.869253,0.224277,4,31,0,8008.19,37818.4,6309.23,0.787109,0.929077,0.879161,0.632331,0.616245,0.883938
-8007.74,0.926318,0.224277,3,7,0,8009.05,37957.6,6489.7,0.815844,0.958135,0.884924,0.601447,0.635945,0.899166
-8009.22,0.952949,0.224277,4,15,0,8013,36530.4,6224.55,0.811396,0.957872,0.910061,0.703395,0.657404,0.853869
-8006.72,0.908145,0.224277,3,7,0,8014.71,36784.8,6374.75,0.784388,0.98376,0.906224,0.666285,0.657802,0.848572
-8009.06,0.892197,0.224277,4,15,0,8011.25,36236,6458.42,0.83843,0.981868,0.891514,0.665855,0.606642,0.851336
-8009.47,0.906785,0.224277,4,31,0,8015.73,39433.9,6339.18,0.781765,0.900022,0.857715,0.61298,0.649742,0.898591
-8007.47,0.996544,0.224277,4,15,0,8012.95,38009.6,6480.3,0.770218,0.947691,0.871518,0.614196,0.633009,0.919031
-8004.08,0.952679,0.224277,3,7,0,8009.38,38592.9,6364.4,0.78892,0.925769,0.862789,0.615596,0.618851,0.917204
-8005.7,0.908476,0.224277,3,7,0,8006.48,38882.4,6358.56,0.785646,0.897952,0.862942,0.610883,0.620864,0.924474
-8004.58,0.99901,0.224277,4,15,0,8007.04,37429.2,6279.62,0.804228,0.93308,0.854778,0.654917,0.617234,0.83136
-8004.76,0.932564,0.224277,3,15,0,8008.38,37932.4,6218.08,0.761119,0.917904,0.846001,0.651191,0.63036,0.847386
-8005.91,0.951972,0.224277,4,15,0,8006.67,37788.7,6189.96,0.759265,0.919068,0.837348,0.65021,0.629995,0.84275
-8003.98,0.816515,0.224277,3,7,0,8009.44,37928,6312.82,0.77677,0.939497,0.854695,0.649078,0.640808,0.844697
-8005.74,0.953194,0.224277,4,15,0,8009.63,37757,6336.73,0.782556,0.919729,0.843351,0.630253,0.635314,0.806716
-8003.66,0.896721,0.224277,3,15,0,8010.25,38704.2,6024.83,0.771831,0.92414,0.827715,0.634209,0.615941,0.838795
-8004.36,0.966313,0.224277,3,15,0,8008.44,39042.9,6336.11,0.746913,0.907426,0.858878,0.614083,0.605807,0.897795
-8003.3,0.993283,0.224277,4,31,0,8005.54,37877.8,6001.67,0.792375,0.93584,0.852841,0.636329,0.620456,0.82621
-8004.67,0.947762,0.224277,3,15,0,8010.39,39340.9,6009.28,0.747177,0.891747,0.812163,0.612108,0.626231,0.872678
-8007.13,0.616127,0.224277,4,15,0,8008.9,39611.1,5991.65,0.743708,0.91158,0.810304,0.616198,0.628099,0.860916
-8007.57,0.914602,0.224277,3,15,0,8012.91,39611.8,6001.86,0.719493,0.906844,0.811613,0.616955,0.622442,0.86139
-8003.35,0.984322,0.224277,3,7,0,8008.85,39090.9,6001.36,0.757853,0.901488,0.824957,0.616628,0.616083,0.834562
-8003.21,0.93358,0.224277,4,15,0,8005.8,38794.1,6018.06,0.758827,0.919772,0.820623,0.621657,0.617143,0.840573
-8003.46,0.995095,0.224277,3,7,0,8004.83,38779.7,5947.13,0.780189,0.913143,0.850706,0.615101,0.596951,0.868657
-8003.73,0.87233,0.224277,3,7,0,8009.27,39085,6085.25,0.773155,0.907271,0.843967,0.635174,0.620227,0.8915
-8003.81,0.949712,0.224277,3,15,0,8006.95,38656.9,6043.07,0.767601,0.909109,0.850441,0.637534,0.623293,0.895024
-8004.5,0.982485,0.224277,3,15,0,8006.99,38876.6,5822.12,0.762614,0.91088,0.837045,0.620129,0.619416,0.880622
-8004.37,0.719099,0.224277,4,15,0,8008.44,38969.7,6097.26,0.768065,0.921337,0.818013,0.619426,0.58256,0.866555
-8002.87,0.954893,0.224277,3,15,0,8006.87,38617.5,6175.73,0.758523,0.914311,0.843779,0.633138,0.599154,0.876508
-8003.7,0.974689,0.224277,4,15,0,8005.97,38584.3,6199.25,0.786695,0.913756,0.862419,0.608224,0.597813,0.856617
-8003.51,0.993437,0.224277,4,23,0,8006.05,38079.6,6455.93,0.780953,0.936451,0.863654,0.655024,0.632462,0.873084
-8003.61,0.928936,0.224277,5,31,0,8005.63,38710.2,6271.77,0.793735,0.924056,0.855464,0.611116,0.612911,0.898604
-8005.34,0.89721,0.224277,4,15,0,8007.38,38933.7,6226.48,0.790949,0.909307,0.866021,0.611171,0.630737,0.907123
-8004.55,0.93281,0.224277,3,15,0,8014.36,38527.1,6240.36,0.783877,0.920033,0.883551,0.609512,0.624307,0.892283
-8004.87,0.883853,0.224277,4,15,0,8007.35,38739.4,6418.72,0.778845,0.941231,0.843532,0.60802,0.619022,0.888638
-8005.4,0.98339,0.224277,3,15,0,8008.93,38355.2,6353.86,0.804757,0.92489,0.838197,0.602481,0.624879,0.875932
-8004.57,0.941162,0.224277,4,15,0,8008.69,37215.7,6185.09,0.786037,0.95943,0.892981,0.66475,0.617869,0.861706
-8006.71,0.940707,0.224277,3,15,0,8009.73,37592.1,6117.71,0.767439,0.970331,0.901391,0.632859,0.620608,0.855722
-8003.42,0.98647,0.224277,4,31,0,8009.17,38959.5,6282.16,0.780811,0.889613,0.829273,0.626467,0.609724,0.876074
-8010.46,0.305616,0.224277,3,7,0,8013.05,38032.9,6135.32,0.758083,0.913744,0.865014,0.604089,0.631054,0.909199
-8010.62,0.731471,0.224277,4,15,0,8017.08,38889.3,6183.81,0.7677,0.941343,0.871347,0.613699,0.654575,0.882304
-8007.81,1,0.224277,4,15,0,8014.51,37878.7,6105.81,0.772627,0.918475,0.893356,0.663911,0.618441,0.824014
-8006.79,0.901486,0.224277,3,15,0,8010.17,37436.9,6056.95,0.79118,0.959055,0.841173,0.625964,0.626909,0.871615
-8003.43,0.965526,0.224277,3,7,0,8010.71,38321.3,6226.45,0.793718,0.933764,0.874663,0.621713,0.630058,0.899744
-8007,0.929677,0.224277,4,15,0,8009.51,37438.5,6481.13,0.790828,0.952331,0.908199,0.664813,0.600705,0.850134
-8004.51,0.995715,0.224277,4,31,0,8011.07,37764.8,6185.25,0.801899,0.939559,0.870836,0.620125,0.598407,0.87479
-8004.95,0.913107,0.224277,3,15,0,8006.92,37662.4,6069.12,0.802301,0.931539,0.869252,0.617978,0.602002,0.864384
-8007.85,0.99564,0.224277,4,15,0,8008.79,39464.1,6550.82,0.745252,0.917609,0.834584,0.630794,0.628535,0.92019
-8006.82,0.955723,0.224277,4,15,0,8010.77,37344.4,6293.1,0.773006,0.922827,0.856305,0.635208,0.63261,0.793188
-8003.56,1,0.224277,3,7,0,8008.9,37812.5,6276.28,0.79849,0.959263,0.888274,0.629315,0.620884,0.875344
-8005.59,0.957484,0.224277,3,7,0,8006.37,37928.1,6184.65,0.808504,0.937562,0.859506,0.64763,0.629849,0.820805
-8006.3,0.971608,0.224277,4,31,0,8010.13,37000.6,6576.63,0.79971,0.962471,0.910247,0.629227,0.634672,0.898164
-8003.84,0.98907,0.224277,4,15,0,8008.06,37191.8,6281.04,0.815786,0.948951,0.893558,0.670338,0.639129,0.864864
-8005.66,0.927024,0.224277,4,15,0,8007.59,37547.8,6467.95,0.79909,0.932231,0.919071,0.628702,0.631718,0.878703
-8006.66,0.97142,0.224277,3,15,0,8008.97,37479.9,6432.84,0.79133,0.929243,0.923568,0.630351,0.637225,0.885973
-8007.51,0.907212,0.224277,4,15,0,8012.87,36942.4,6627.25,0.817285,0.977556,0.875287,0.634972,0.669292,0.880771
-8006.46,0.86665,0.224277,4,15,0,8013.01,37689.8,6643.54,0.818929,0.953244,0.909907,0.65677,0.627444,0.933381
-8004.61,0.960529,0.224277,4,15,0,8008.95,38201.1,6623.66,0.806142,0.917797,0.870688,0.639658,0.642288,0.897239
-8003.29,0.839355,0.224277,4,15,0,8006.95,37822,5916.86,0.781085,0.933168,0.849973,0.636146,0.619692,0.839891
-8005.23,0.527075,0.224277,3,15,0,8010.82,38074.8,5940.96,0.77478,0.943008,0.883674,0.64588,0.623894,0.870191
-8005.08,1,0.224277,4,15,0,8007.19,37136.4,6666,0.81872,0.941517,0.895245,0.636572,0.634573,0.863098
-8005.9,0.937114,0.224277,4,15,0,8011.32,37393,5972.25,0.801592,0.945436,0.857334,0.664867,0.636524,0.834004
-8004.51,0.970114,0.224277,4,15,0,8009.11,37782.8,5984.38,0.76377,0.94476,0.870466,0.621985,0.616823,0.815525
-8004.19,0.830492,0.224277,4,15,0,8008,38241.7,6079.69,0.776511,0.927352,0.827689,0.636606,0.636671,0.844525
-8006.28,0.649091,0.224277,3,15,0,8011.92,38154.5,6370.45,0.769357,0.953994,0.861941,0.617426,0.630473,0.908733
-8007.65,0.95927,0.224277,3,7,0,8011.13,38188.8,6384,0.793396,0.909374,0.898712,0.60021,0.620091,0.893073
-8008.68,0.991452,0.224277,3,15,0,8015.48,37165.6,6687.57,0.838106,0.975032,0.888947,0.61965,0.652562,0.911896
-8004.84,0.998555,0.224277,3,7,0,8009.71,36830.4,6535.55,0.822154,0.953504,0.913561,0.676198,0.657165,0.902233
-8004.98,0.947469,0.224277,4,31,0,8009.89,37317.2,6188.02,0.798766,0.961642,0.870676,0.657052,0.646394,0.895396
-8004.01,0.959638,0.224277,3,15,0,8008.21,37525.5,6141.97,0.801773,0.958112,0.877056,0.659337,0.641652,0.883161
-8006.74,0.979871,0.224277,4,31,0,8007.84,36270.6,6766.39,0.832889,0.978921,0.93709,0.655077,0.647455,0.877921
-8008.23,0.988268,0.224277,4,15,0,8010.26,36284.5,6632.14,0.843223,0.966469,0.958984,0.655966,0.658476,0.860524
-8006.84,0.948543,0.224277,4,31,0,8011.26,37572.3,6349.9,0.810099,0.973947,0.864565,0.673603,0.642799,0.890057
-8004.87,0.996052,0.224277,4,31,0,8011.04,37377.6,6178.5,0.796638,0.961603,0.865811,0.652714,0.643769,0.892053
-8009.2,0.893931,0.224277,4,31,0,8011.41,38247.8,6389.26,0.754512,0.897617,0.836713,0.599164,0.587622,0.844627
-8005.27,0.981303,0.224277,3,7,0,8012.72,38356.6,6081.03,0.774954,0.890191,0.853838,0.637727,0.628448,0.882734
-8004.04,0.974954,0.224277,4,31,0,8007.16,38274.8,6276.62,0.784796,0.952843,0.87117,0.620254,0.615603,0.889877
-8004.7,0.976974,0.224277,4,31,0,8006.72,37891.9,6271.05,0.797193,0.940849,0.883041,0.616954,0.615928,0.905865
-8005.75,0.949238,0.224277,4,15,0,8007.13,38233.9,6306.58,0.804706,0.942578,0.887667,0.614659,0.626734,0.915339
-8006.87,0.920952,0.224277,4,15,0,8010.52,38429.8,6662.4,0.788945,0.949188,0.862949,0.653537,0.643251,0.923664
-8006.92,0.948967,0.224277,4,15,0,8009.65,38612,6538.68,0.807724,0.923928,0.893444,0.634436,0.60574,0.914953
-8003.13,0.919026,0.224277,4,15,0,8012.05,37544.9,6340.3,0.79925,0.962917,0.876535,0.655139,0.633606,0.877943
-8003.84,0.970081,0.224277,4,15,0,8007.14,37812.6,6193.73,0.794401,0.943836,0.857414,0.611638,0.617974,0.870427
-8003.26,0.936329,0.224277,4,15,0,8007.15,38612.9,6277.5,0.780152,0.926001,0.855618,0.621581,0.635936,0.873471
-8002.92,0.902804,0.224277,4,15,0,8006.78,38666.1,6025.71,0.772334,0.914913,0.840508,0.633326,0.592599,0.855826
-8004.32,0.676098,0.224277,2,7,0,8009.66,38585.2,6145.13,0.748861,0.895638,0.866468,0.621594,0.610373,0.856867
-8005.78,0.991767,0.224277,3,7,0,8008.37,39261.4,6151.53,0.753339,0.918094,0.808717,0.624166,0.626104,0.887106
-8007.61,0.586292,0.224277,4,15,0,8012.87,38810.3,6320.74,0.786663,0.888118,0.835384,0.608186,0.578461,0.893286
-8007.33,0.999089,0.224277,3,7,0,8011.49,38961.8,6313.1,0.794538,0.909636,0.815488,0.615763,0.579128,0.891306
-8003.47,0.90871,0.224277,3,7,0,8010.38,38673.1,6340.59,0.771675,0.920327,0.868983,0.607785,0.611568,0.877926
-8004.74,0.818325,0.224277,4,15,0,8007.1,38153.2,5992.06,0.778989,0.911293,0.830872,0.63554,0.61222,0.872789
-8004.66,0.994179,0.224277,4,15,0,8009.22,38748,6452.98,0.776589,0.923683,0.868684,0.639021,0.595342,0.875354
-8008.29,0.926508,0.224277,4,15,0,8011.52,37913.2,6509.66,0.818718,0.935714,0.841764,0.612941,0.597607,0.880617
-8005.64,0.999906,0.224277,4,15,0,8009.61,37941.2,6176.54,0.815736,0.914655,0.857558,0.639006,0.605272,0.831223
-8005.3,0.551143,0.224277,3,15,0,8011.63,36702,6307.51,0.822508,0.958586,0.875189,0.646116,0.623247,0.842166
-8010.36,0.87503,0.224277,4,23,0,8012.54,37563,6550.89,0.765233,0.915967,0.903227,0.625507,0.601149,0.879071
-8003.06,1,0.224277,4,15,0,8010.21,38199.9,6436.82,0.800455,0.936619,0.855831,0.634066,0.629173,0.898093
-8004.16,0.990891,0.224277,3,7,0,8004.81,38113.1,6512.27,0.797852,0.93243,0.895563,0.638637,0.623375,0.913122
-8007.22,0.914867,0.224277,4,15,0,8009.29,36474.3,6559.2,0.846542,0.970727,0.903877,0.669779,0.651348,0.81905
-8007.43,0.961566,0.224277,4,15,0,8010,37401.3,6495.32,0.799819,0.972321,0.928709,0.666268,0.633388,0.901746
-8007.64,0.996485,0.224277,4,15,0,8010.36,36615.1,6451.07,0.795485,0.983625,0.917706,0.657127,0.65211,0.908883
-8006.99,0.950243,0.224277,4,15,0,8014.08,36877.8,6117.14,0.817304,0.986384,0.902744,0.62879,0.650276,0.875773
-8005.43,0.994569,0.224277,4,31,0,8009.68,37189.8,6157.05,0.804699,0.972295,0.904499,0.626531,0.643743,0.880429
-8004.48,0.957632,0.224277,3,7,0,8007.73,36977.9,6171.31,0.809778,0.962716,0.899736,0.630692,0.643091,0.876872
-8006.08,0.937116,0.224277,4,15,0,8008.27,37338.5,6523.01,0.803095,0.956194,0.903345,0.682742,0.618485,0.879293
-8004.83,0.814301,0.224277,3,15,0,8011.86,37529.5,6176.1,0.788985,0.952822,0.844801,0.653503,0.640152,0.863204
-8007.44,0.988203,0.224277,4,31,0,8009.3,39096.8,6246.91,0.787596,0.879038,0.838424,0.638797,0.577669,0.863736
-8005.41,1,0.224277,4,15,0,8011.29,39217.6,6349,0.744519,0.921351,0.817189,0.621548,0.604677,0.892646
-8005.72,0.717831,0.224277,4,15,0,8010.07,37297.9,5983.27,0.804573,0.97249,0.8636,0.631967,0.620953,0.855803
-8006.45,0.948303,0.224277,4,15,0,8010.67,39268.9,6340.85,0.761419,0.878293,0.803789,0.604428,0.589746,0.881312
-8005.16,0.911605,0.224277,4,15,0,8008.09,38175.5,5927.36,0.799185,0.920019,0.861045,0.633704,0.615897,0.824614
-8006.06,0.729859,0.224277,3,7,0,8010.3,37336.3,6103.28,0.793736,0.963763,0.844861,0.637202,0.624138,0.792173
-8004.84,0.999665,0.224277,4,15,0,8007.99,37426.3,6110.33,0.797302,0.932701,0.884089,0.629164,0.652703,0.841506
-8004.75,0.972719,0.224277,4,15,0,8010,38182.2,6496.25,0.80463,0.921873,0.854797,0.65835,0.609703,0.883893
-8002.65,0.966377,0.224277,3,7,0,8007.71,37976.1,6485.59,0.799837,0.925982,0.871201,0.639192,0.626375,0.883312
-8003.62,0.741382,0.224277,3,15,0,8005.84,37445.8,6127.21,0.787765,0.931731,0.862447,0.641871,0.627357,0.861246
-8007.33,0.885348,0.224277,3,7,0,8008.15,37923.2,6101.32,0.820595,0.968654,0.853099,0.64012,0.619286,0.86537
-8007.95,0.99902,0.224277,4,15,0,8010.53,37108.5,6168.98,0.784972,0.948206,0.923627,0.655597,0.649566,0.819698
-8008.16,0.985062,0.224277,4,15,0,8010.12,38588.7,6565.1,0.816973,0.88688,0.865059,0.633578,0.613787,0.914279
-8004.33,1,0.224277,4,15,0,8011.82,37783.6,5911.61,0.793519,0.928534,0.861853,0.635444,0.623664,0.817539
-8005.71,0.974255,0.224277,4,15,0,8006.6,37543,5964.25,0.780583,0.9448,0.828779,0.629971,0.614069,0.797815
-8003.83,0.911954,0.224277,4,31,0,8009.04,37562.1,6358.56,0.816452,0.94299,0.907097,0.649472,0.637954,0.882021
-8005.02,0.99484,0.224277,3,7,0,8006.51,37362,6372.42,0.793985,0.950342,0.854039,0.657837,0.651219,0.8636
-8004.96,1,0.224277,4,15,0,8006.15,37771.1,6200.04,0.793938,0.950856,0.893757,0.623283,0.598922,0.865288
-8005.18,0.997971,0.224277,3,15,0,8007.09,37698.9,6056.81,0.795122,0.934921,0.893114,0.621034,0.600625,0.853003
-8006.44,0.963134,0.224277,4,15,0,8009.82,38569.5,6277.91,0.78784,0.914885,0.830035,0.648037,0.646476,0.864038
-8003.99,0.856306,0.224277,4,15,0,8008.98,37049.9,6508.75,0.811953,0.946598,0.882197,0.644375,0.632425,0.848377
-8003.37,0.999773,0.224277,4,15,0,8004.75,37338,6338.52,0.800695,0.957967,0.892339,0.663394,0.644024,0.867886
-8005.94,0.784546,0.224277,4,15,0,8008.12,36429.7,6581.57,0.828931,0.966141,0.903556,0.646923,0.652456,0.89393
-8004.88,0.998799,0.224277,4,15,0,8006.42,37282.8,6557.81,0.824552,0.96942,0.911167,0.656729,0.655122,0.90394
-8004.62,0.951623,0.224277,4,31,0,8008.66,36835.9,6564.32,0.825676,0.976189,0.907635,0.651038,0.658197,0.902849
-8005.55,0.976805,0.224277,4,15,0,8006.65,36506.1,6481.34,0.846318,0.968886,0.92763,0.685233,0.654572,0.884663
-8006.19,0.995341,0.224277,4,15,0,8007.6,36302.4,6525.31,0.855532,0.971934,0.919027,0.674371,0.666983,0.915718
-8005.11,0.995916,0.224277,4,15,0,8008.52,36588.4,6447.41,0.809756,0.978115,0.916671,0.661216,0.642939,0.829267
-8004.57,0.978372,0.224277,4,15,0,8009.74,37713.8,6553.03,0.820499,0.943365,0.900778,0.650492,0.647364,0.89352
-8006.87,0.979564,0.224277,4,23,0,8009.56,36719.4,6161.41,0.847061,0.983508,0.91647,0.656898,0.648655,0.894722
-8006.84,0.983573,0.224277,4,15,0,8010.7,36304.7,6592.48,0.842823,0.988557,0.931409,0.694129,0.656622,0.87198
-8006.36,0.974589,0.224277,4,15,0,8008.74,36095.3,6476.56,0.854761,0.994146,0.920128,0.667135,0.657043,0.857067
-8009.34,0.953772,0.224277,4,15,0,8010.29,35739.9,6426.61,0.865187,0.991601,0.921691,0.638941,0.654753,0.829584
-8010.03,0.991804,0.224277,4,15,0,8014.4,36393.4,6724.87,0.831286,0.998913,0.929692,0.682857,0.634506,0.899334
-8008.75,0.98176,0.224277,4,15,0,8013.59,36304.1,6433.01,0.834708,0.989796,0.89789,0.679516,0.690572,0.893571
-8009.56,0.9941,0.224277,4,15,0,8013.84,36626.7,6936.02,0.824393,0.97473,0.909698,0.670584,0.694254,0.900543
-8012.14,0.787964,0.224277,4,15,0,8023.02,36166.2,6405.35,0.839486,0.988002,0.934115,0.713759,0.623553,0.829367
-8011.48,0.99318,0.224277,3,15,0,8014.78,35823.5,6469.44,0.836654,0.99273,0.923192,0.706043,0.616109,0.839651
-8006.54,0.998503,0.224277,3,7,0,8013.2,36104.2,6443.91,0.84332,0.995436,0.93296,0.657113,0.643884,0.864667
-8008.01,0.972279,0.224277,4,15,0,8010.44,35902,6467.86,0.847254,0.98134,0.961419,0.689076,0.67036,0.862448
-8007.93,0.877292,0.224277,4,15,0,8011.98,35620,6637.72,0.845148,0.982195,0.944935,0.663862,0.651953,0.870578
-8007.62,0.95609,0.224277,4,15,0,8011.1,37834.8,6392.2,0.819851,0.91277,0.870344,0.67437,0.644619,0.881782
-8007.3,0.623982,0.224277,5,31,0,8013.86,37058.7,6299.55,0.786043,0.971911,0.927233,0.672735,0.647536,0.870936
-8010.17,0.978692,0.224277,4,15,0,8014.02,36449.2,6022.65,0.844935,0.982754,0.932203,0.636685,0.617724,0.845884
-8008.08,0.945218,0.224277,4,15,0,8012.39,38192.3,6507.69,0.767628,0.907701,0.837178,0.654791,0.650862,0.866064
-8005.29,0.628947,0.224277,3,15,0,8013.77,38100.7,6355.03,0.761764,0.918053,0.852929,0.632225,0.649929,0.855946
-8009.04,0.613192,0.224277,3,15,0,8013.32,38044.2,5999.72,0.789097,0.965565,0.869184,0.661811,0.605566,0.837404
-8008.5,1,0.224277,4,15,0,8012,37092.6,6617.29,0.845968,0.978281,0.927018,0.643717,0.666972,0.922885
-8007.41,0.991342,0.224277,4,15,0,8012.79,36310.9,6653.45,0.864695,0.98733,0.923188,0.692705,0.665102,0.900736
-8004.68,0.94994,0.224277,4,15,0,8010.48,37029.5,6330.89,0.807429,0.967213,0.922148,0.657645,0.640498,0.85184
-8005.88,0.984556,0.224277,4,15,0,8009.18,36789.2,6534.79,0.843196,0.965565,0.927937,0.650987,0.639906,0.913522
-8004.41,0.889401,0.224277,4,31,0,8008.08,37275.4,6371.84,0.822135,0.958369,0.915717,0.647483,0.634009,0.905589
-8005.11,0.992426,0.224277,4,31,0,8007.35,38345.3,6601.33,0.790703,0.936187,0.838769,0.647482,0.62032,0.877604
-8006.13,0.95254,0.224277,4,15,0,8009.07,36271.2,6357.57,0.831793,0.983093,0.896921,0.64205,0.647072,0.822616
-8005.77,0.890931,0.224277,4,31,0,8011.52,36187.9,6657.35,0.824612,0.983299,0.926761,0.672247,0.664138,0.875823
-8006.37,0.971954,0.224277,4,15,0,8008.36,36453.1,6265.91,0.833581,0.984274,0.923849,0.678488,0.670073,0.890569
-8005.8,0.995131,0.224277,4,15,0,8008.85,37559.5,6816.69,0.824243,0.943207,0.882165,0.64482,0.628985,0.905763
-8006.24,0.816294,0.224277,3,15,0,8010.52,38127,6477.88,0.783287,0.952198,0.903775,0.641069,0.638221,0.912216
-8008.35,0.996982,0.224277,3,7,0,8010.42,37557.6,6466.57,0.794378,0.936703,0.901352,0.625361,0.642375,0.935763
-8004.99,0.975441,0.224277,4,15,0,8011.16,38162.1,6624.55,0.811017,0.930345,0.874447,0.658497,0.624858,0.8892
-8002.79,0.998381,0.224277,4,15,0,8005.67,38077.6,6279.79,0.789439,0.939297,0.885002,0.636226,0.630539,0.891796
-8005.23,0.930026,0.224277,3,7,0,8008.2,38863.3,6331.36,0.778855,0.900739,0.836546,0.654328,0.59674,0.881677
-8006.29,0.977254,0.224277,3,15,0,8008.35,38380.5,6295.78,0.742795,0.922714,0.86086,0.653017,0.598332,0.867756
-8004.89,0.89404,0.224277,3,7,0,8010.43,38788,6253.44,0.778246,0.897743,0.858461,0.630915,0.618028,0.83726
-8002.91,0.800448,0.224277,3,7,0,8006.53,38170.3,6297.86,0.763095,0.927078,0.849135,0.621384,0.617238,0.85564
-8005.69,0.93584,0.224277,4,15,0,8010.59,40008.7,6035.62,0.725566,0.871891,0.830147,0.602057,0.595181,0.850333
-8004.94,0.944616,0.224277,4,23,0,8009.06,36931.9,6115.84,0.806129,0.97013,0.895564,0.639906,0.617329,0.865425
-8004.47,0.825694,0.224277,4,15,0,8009.33,37616,6295.59,0.797327,0.963787,0.859755,0.647649,0.647528,0.883228
-8005.33,0.95356,0.224277,3,15,0,8007.89,37662.6,6284.02,0.772819,0.915024,0.875498,0.63944,0.641494,0.82556
-8003.5,0.987786,0.224277,4,15,0,8006.78,38521,6399.82,0.775551,0.929739,0.859313,0.646745,0.612129,0.903866
-8003.85,0.956614,0.224277,3,7,0,8005.02,38502.5,6367.17,0.78864,0.922807,0.838645,0.64798,0.615327,0.89833
-8004.46,0.977878,0.224277,5,31,0,8008.13,39562.4,5999.87,0.740924,0.878216,0.818164,0.619483,0.604564,0.833396
-8003.54,1,0.224277,4,23,0,8005.77,37729.4,6136.78,0.802426,0.933411,0.891894,0.626438,0.617353,0.865395
-8005.62,0.801552,0.224277,3,7,0,8007.56,37732.5,6024.45,0.789592,0.96739,0.85123,0.638504,0.622663,0.875548
-8009.35,0.981294,0.224277,3,7,0,8011.49,38267.3,6230.73,0.777838,0.920483,0.863775,0.612875,0.628734,0.776623
-8008.51,0.963171,0.224277,3,7,0,8014.34,37712.5,6229.29,0.754343,0.908464,0.883567,0.614882,0.615833,0.795416
-8005.92,1,0.224277,4,15,0,8009.37,38040,6616.47,0.769101,0.954171,0.873158,0.626588,0.612679,0.884344
-8005.31,0.988332,0.224277,3,7,0,8007.57,38495.4,6565.35,0.80813,0.907,0.858106,0.645136,0.621297,0.880968
-8006.88,0.978012,0.224277,4,31,0,8008.99,36951.4,6104.33,0.808154,0.978061,0.928965,0.64914,0.649444,0.861446
-8005.69,0.98503,0.224277,4,15,0,8008.36,37951.2,6460.91,0.762085,0.95307,0.880923,0.648022,0.616951,0.895498
-8004.94,0.779187,0.224277,3,15,0,8011.39,37515.1,6145.48,0.813822,0.925071,0.849245,0.634705,0.629328,0.83383
-8004.09,0.680964,0.224277,3,15,0,8009.23,37132.3,6273.99,0.804415,0.960389,0.888077,0.620527,0.635597,0.844954
-8004.24,0.956461,0.224277,4,23,0,8008.37,37369.2,6618.23,0.799574,0.946759,0.881677,0.656075,0.651098,0.893232
-8003.76,0.984832,0.224277,4,31,0,8006.4,38097.8,6510.76,0.805235,0.93656,0.863347,0.655806,0.619983,0.895684
-8003.44,0.983909,0.224277,4,31,0,8006.28,39041.3,6362.07,0.765752,0.903276,0.863506,0.614332,0.607698,0.886739
-8004,0.824532,0.224277,3,15,0,8006.94,38139.1,6286.72,0.802627,0.933922,0.843068,0.617517,0.604557,0.852354
-8006.83,0.920905,0.224277,4,15,0,8009.86,38124.2,6483.5,0.794056,0.941021,0.834327,0.603045,0.606864,0.868609
-8006.93,0.987321,0.224277,4,31,0,8012.96,36936.9,6104.04,0.820722,0.934935,0.901682,0.631592,0.614911,0.824054
-8007.73,0.889948,0.224277,4,15,0,8010.61,36923.9,6475.49,0.788493,0.988602,0.872735,0.666838,0.64309,0.869304
-8009.23,0.996111,0.224277,4,15,0,8011.49,36042.2,6296.36,0.848329,0.956823,0.93738,0.675392,0.623112,0.836518
-8006.62,1,0.224277,3,7,0,8010.35,36399.2,6381.85,0.835912,0.977964,0.927048,0.663048,0.637463,0.812719
-8004.43,0.995791,0.224277,4,15,0,8009.68,37125.1,6635.89,0.822935,0.967719,0.910243,0.663764,0.646121,0.906898
-8010.67,0.863731,0.224277,3,7,0,8012.09,37367.4,6974.4,0.792837,0.935837,0.887586,0.659939,0.673746,0.927293
-8005.54,0.839997,0.224277,3,15,0,8018.52,36990.8,6228.94,0.795007,0.978833,0.90392,0.633788,0.644326,0.879847
-8004.42,0.987638,0.224277,4,31,0,8008.83,37291.5,6106.09,0.792146,0.961322,0.895038,0.639289,0.634398,0.886294
-8002.26,0.98657,0.224277,3,15,0,8006.27,37861.7,6314.53,0.786409,0.935164,0.882316,0.632255,0.625226,0.877794
-8005.71,0.961197,0.224277,4,15,0,8006.25,38274,6700.6,0.80773,0.919228,0.866628,0.641205,0.638065,0.928476
-8005.96,0.948944,0.224277,4,15,0,8008.94,37968.2,6596.57,0.781591,0.946637,0.894278,0.66178,0.615705,0.909459
-8005.53,0.980417,0.224277,4,31,0,8008.57,38725.2,6251.63,0.80547,0.916059,0.841547,0.612153,0.633487,0.897959
-8006,0.542629,0.224277,5,31,0,8012.94,38319.6,6180.92,0.76257,0.940435,0.834467,0.618383,0.62711,0.896394
-8007.27,0.946222,0.224277,4,31,0,8011.09,36071.4,6631.69,0.829342,0.970299,0.905778,0.662028,0.6365,0.860381
-8010.03,0.985857,0.224277,4,15,0,8012.6,37067.5,6613.97,0.819369,0.988197,0.891591,0.67105,0.688641,0.888512
-8012.12,0.990841,0.224277,3,7,0,8014.99,36526.5,6645.52,0.811863,0.995124,0.877574,0.662121,0.685518,0.905457
-8007.7,0.974299,0.224277,4,31,0,8015.76,35787.8,6379.72,0.853818,0.997173,0.943806,0.68247,0.66937,0.869612
-8008.7,0.907683,0.224277,4,15,0,8011.97,36138.6,6524.33,0.834053,0.99074,0.928242,0.688524,0.637322,0.812987
-8003.95,0.969416,0.224277,4,31,0,8014.29,38315.1,5950.25,0.773585,0.916988,0.842959,0.603444,0.623556,0.855778
-8003.99,0.807304,0.224277,4,31,0,8008.92,37434,6333.2,0.804697,0.944887,0.868325,0.662724,0.614395,0.848644
-8005.51,0.851855,0.224277,3,15,0,8008.08,37000.9,6184.72,0.800903,0.970312,0.910575,0.637941,0.639354,0.894014
-8005.94,0.913921,0.224277,4,15,0,8009.26,37699,6350.94,0.808429,0.921613,0.855857,0.649652,0.657986,0.859504
-8009.59,0.999022,0.224277,4,31,0,8010.85,36835.1,6579.09,0.826975,0.976413,0.932136,0.671319,0.616272,0.931902
-8008.73,0.970305,0.224277,3,15,0,8012.81,37012.7,6521.05,0.819814,0.988372,0.912991,0.675863,0.617578,0.918716
-8006.14,0.999922,0.224277,4,15,0,8010.91,36511.7,6503.14,0.831682,0.969931,0.909314,0.649926,0.681127,0.863532
-8002.82,0.957396,0.224277,4,23,0,8010.56,37451.3,6340.46,0.787113,0.954265,0.881896,0.643632,0.6223,0.851561
-8003.74,0.954292,0.224277,3,15,0,8005.75,38140.8,6256.18,0.768184,0.925737,0.850914,0.634533,0.63641,0.832657
-8003.11,0.959753,0.224277,3,15,0,8006.85,37475.3,6244.88,0.797385,0.956872,0.891862,0.64579,0.643222,0.859981
-8003.81,0.944121,0.224277,4,15,0,8006.16,38023.1,6549.6,0.798225,0.940397,0.877007,0.655799,0.636856,0.884829
-8006,0.965323,0.224277,4,15,0,8006.88,37743.3,6647.73,0.823026,0.962863,0.892857,0.653953,0.621094,0.918817
-8008,0.917748,0.224277,4,15,0,8009.32,36255.2,6074.02,0.808598,0.984531,0.878446,0.649842,0.651372,0.823787
-8009.37,0.967253,0.224277,4,15,0,8013.08,38280.4,6523.09,0.799007,0.901312,0.849505,0.653665,0.60979,0.934871
-8009.3,0.629715,0.224277,3,7,0,8014.25,38582.6,6360.69,0.811799,0.954738,0.889917,0.635826,0.6181,0.925702
-8008.39,1,0.224277,4,31,0,8015.89,37216.9,6616,0.802101,0.985343,0.860831,0.644344,0.623585,0.830534
-8005.6,1,0.224277,3,7,0,8008.83,37110.1,6409.09,0.804814,0.982822,0.876497,0.644923,0.619307,0.835455
-8003.15,0.98568,0.224277,3,15,0,8007.17,37393,6286.54,0.793603,0.943229,0.900449,0.647903,0.626878,0.879748
-8009.57,0.851685,0.224277,3,15,0,8012.93,37902.2,6562.44,0.779539,0.962923,0.905911,0.660104,0.597932,0.909804
-8007.49,0.996723,0.224277,3,15,0,8013.33,37131.4,6299.99,0.811636,0.964596,0.888605,0.674681,0.603183,0.900295
-8008.43,0.89207,0.224277,4,15,0,8013.72,37934.3,6644.63,0.784991,0.9445,0.864804,0.617544,0.659746,0.9214
-8005.74,0.999685,0.224277,4,15,0,8010.33,37871.6,6144.81,0.781517,0.947386,0.842057,0.64157,0.585731,0.843267
-8003.65,0.883915,0.224277,3,15,0,8009.27,38540.6,5897.33,0.777714,0.919963,0.849424,0.633759,0.614037,0.842057
-8004.23,0.821942,0.224277,4,15,0,8007.67,38180.1,6064.25,0.784508,0.903182,0.834135,0.63313,0.610031,0.864856
-8008.34,0.829242,0.224277,3,7,0,8011.77,38753.9,6295.09,0.760343,0.933201,0.844476,0.660108,0.595961,0.836557
-8005.34,1,0.224277,4,15,0,8010.51,38386.9,6135.52,0.782193,0.921547,0.859685,0.621902,0.64719,0.840596
-8010.04,0.805892,0.224277,4,15,0,8014.09,37366.1,6692.55,0.777618,0.977716,0.848385,0.650507,0.649764,0.859142
-8009.2,0.960811,0.224277,4,15,0,8014.09,37406.4,6174.12,0.802124,0.959685,0.878358,0.623862,0.603355,0.912404
-8005.71,0.951175,0.224277,3,7,0,8011.43,38260.7,6359.39,0.802517,0.89895,0.86,0.651301,0.640186,0.892535
-8003.52,1,0.224277,4,23,0,8006.74,38081.4,6213.74,0.783375,0.950299,0.864788,0.632734,0.638146,0.889367
-8005.63,0.934423,0.224277,3,15,0,8008.41,38970.3,5978.71,0.777138,0.934123,0.843214,0.637224,0.606588,0.882934
-8003.86,0.939515,0.224277,4,15,0,8008.16,39066.8,6430,0.769759,0.920657,0.858549,0.61423,0.606723,0.900403
-8006.07,0.74171,0.224277,4,15,0,8009.77,37790.9,6481.35,0.763548,0.925701,0.873958,0.615946,0.616971,0.873697
-8005.4,0.965592,0.224277,3,15,0,8011.5,37815.4,6259.04,0.749806,0.943581,0.875582,0.618937,0.62154,0.846788
-8007.5,0.688043,0.224277,4,23,0,8016.46,36528.8,6023.8,0.846889,0.981155,0.906674,0.663693,0.634471,0.859929
-8007.47,0.980194,0.224277,4,31,0,8014.67,36142,6195.76,0.84342,0.980691,0.921735,0.688301,0.634963,0.876381
-8007.06,1,0.224277,4,15,0,8009.63,36056.5,6223.36,0.845606,0.981427,0.92291,0.688573,0.64023,0.864651
-8009.32,0.932483,0.224277,4,15,0,8012.51,36378.3,6691.09,0.834891,0.983873,0.881278,0.652805,0.620617,0.828415
-8009.85,0.916378,0.224277,4,15,0,8013.87,36952.7,6254.88,0.828466,0.971042,0.940508,0.676408,0.673862,0.905787
-8007.11,0.998174,0.224277,4,15,0,8013.61,37603.9,6416.89,0.835893,0.972002,0.890202,0.648096,0.609513,0.887502
-8005.43,0.973035,0.224277,4,15,0,8008.72,37975.1,6236.5,0.757086,0.95467,0.853548,0.63423,0.641307,0.851755
-8007.43,0.970919,0.224277,3,15,0,8010.67,38857.4,6496.2,0.800452,0.917224,0.882842,0.63276,0.588966,0.89885
-8009.94,0.992836,0.224277,3,7,0,8012.61,38874.4,6360.1,0.76858,0.934858,0.850184,0.614912,0.661189,0.920766
-8008.7,0.992049,0.224277,4,15,0,8014.9,36851.9,6426.89,0.805518,0.968283,0.871647,0.659868,0.594044,0.811131
-8004.47,0.957998,0.224277,3,15,0,8013.42,37133.6,6180.66,0.824953,0.970882,0.889032,0.644495,0.650441,0.865936
-8002.98,0.987242,0.224277,4,31,0,8006.7,38152.8,6124.38,0.778444,0.918236,0.880443,0.637055,0.62021,0.862365
-8004.44,0.916336,0.224277,4,15,0,8005.86,38326.9,6296.63,0.756379,0.92313,0.835355,0.626381,0.632331,0.875945
-8003.66,0.884983,0.224277,3,7,0,8009.61,38010.5,6238.65,0.781356,0.926279,0.843722,0.609368,0.62474,0.85588
-8003.59,0.972079,0.224277,3,15,0,8007.08,38998.9,6412.75,0.784017,0.902725,0.854197,0.614625,0.601723,0.897598
-8003.88,0.905643,0.224277,4,15,0,8008.61,37532.4,6301.01,0.794351,0.943518,0.886381,0.639149,0.65352,0.848628
-8003,0.969674,0.224277,4,31,0,8007.5,39143.9,6206.7,0.778675,0.910077,0.841418,0.618531,0.602062,0.897914
-8006.93,0.908461,0.224277,4,15,0,8008.85,40474.5,6365.82,0.720993,0.879644,0.815627,0.592874,0.582385,0.893557
-8008.23,0.505456,0.224277,4,23,0,8012.41,36390.3,6130.89,0.788552,0.977685,0.891896,0.672859,0.658005,0.811748
-8007.07,0.934598,0.224277,4,15,0,8010.85,37122.7,6636.76,0.84975,0.966564,0.919404,0.640731,0.630168,0.90187
-8004.91,1,0.224277,4,15,0,8008.53,36886.6,6580.17,0.803821,0.963845,0.920827,0.667131,0.64041,0.866541
-8003.46,0.990397,0.224277,4,31,0,8009.04,39180.7,6148.99,0.780733,0.904335,0.840788,0.607564,0.611685,0.894273
-8008,0.878815,0.224277,3,7,0,8009.59,38899.4,5926.19,0.78316,0.90895,0.844585,0.591137,0.596935,0.902532
-8013.35,0.622055,0.224277,4,15,0,8018.95,37381.8,6053.43,0.742526,0.963381,0.851182,0.651758,0.626766,0.737799
-8007.63,0.957928,0.224277,3,7,0,8015.97,39171.8,5954.26,0.796772,0.892307,0.858654,0.615715,0.60116,0.868086
-8003.03,0.881051,0.224277,2,3,0,8010.97,38384.5,5938.32,0.783982,0.915242,0.846143,0.632603,0.605327,0.861746
-8002.74,0.957789,0.224277,4,15,0,8004.8,38790.7,6222.38,0.753359,0.915857,0.842402,0.618772,0.608444,0.84693
-8004.87,0.894821,0.224277,4,15,0,8007.71,38154,6196.77,0.754946,0.914376,0.846516,0.64608,0.604862,0.820177
-8003.82,0.97971,0.224277,4,15,0,8006.67,38949.9,6064.25,0.78316,0.896571,0.848675,0.608394,0.606034,0.888878
-8004.02,0.98618,0.224277,4,15,0,8007.07,38276.6,6417.19,0.791465,0.937628,0.85536,0.643715,0.59596,0.872815
-8006.49,0.906561,0.224277,4,15,0,8009,37326.4,5982.87,0.795094,0.940521,0.900974,0.638796,0.650275,0.826501
-8006.16,0.996798,0.224277,4,15,0,8009.32,36777,6226.56,0.806969,0.97568,0.887148,0.633375,0.624057,0.794405
-8004.48,0.954253,0.224277,4,15,0,8010.09,39093.3,6246.35,0.757811,0.903349,0.853415,0.634107,0.618062,0.913849
-8005.36,0.891871,0.224277,3,15,0,8009.16,39008.8,6369.74,0.784464,0.91421,0.825822,0.624194,0.609797,0.92047
-8005.06,0.995722,0.224277,4,15,0,8006.83,37964.4,5986.23,0.796451,0.914525,0.852622,0.622242,0.634466,0.820005
-8005.61,0.840962,0.224277,3,15,0,8010.5,37520,5965.04,0.807368,0.937613,0.873956,0.631163,0.598383,0.854981
-8005.53,0.959908,0.224277,4,15,0,8008.82,38044.4,6129.87,0.754488,0.91131,0.841196,0.631662,0.638406,0.817625
-8008.01,0.921569,0.224277,3,7,0,8009.62,38639.1,6025.06,0.756459,0.912577,0.837017,0.632562,0.64672,0.813467
-8006.84,0.993546,0.224277,4,15,0,8011.7,37342,5826.1,0.776044,0.934968,0.842174,0.62056,0.625177,0.795287
-8005,0.909453,0.224277,4,15,0,8009.79,38593.7,6108.52,0.773256,0.885509,0.849985,0.627774,0.589577,0.871661
-8005.6,1,0.224277,3,7,0,8008.59,38549.7,6321.1,0.745255,0.897858,0.844101,0.617156,0.592353,0.862575
-8005.5,0.933356,0.224277,5,31,0,8012.07,37463.7,6484.59,0.764159,0.950244,0.892916,0.637885,0.625426,0.867495
-8009.16,0.854166,0.224277,4,15,0,8012.47,36641.4,6152.47,0.836883,0.932504,0.878153,0.656869,0.625802,0.861015
-8007.81,0.932945,0.224277,4,31,0,8014.49,37983.5,6203.6,0.750781,0.965868,0.872998,0.620769,0.632133,0.82942
-8004.57,0.999249,0.224277,4,15,0,8008.97,37869.7,5954.98,0.806035,0.929615,0.863602,0.633136,0.614206,0.827794
-8004.99,0.985915,0.224277,3,7,0,8006.52,37359.2,5925.39,0.776262,0.951748,0.860366,0.623989,0.61835,0.818245
-8004.15,0.966589,0.224277,3,15,0,8007.91,37984.3,6390.76,0.801441,0.915622,0.858664,0.634272,0.616081,0.835443
-8004.01,0.953833,0.224277,4,31,0,8009.71,38589,6301.5,0.794807,0.93341,0.859288,0.628009,0.597264,0.867178
-8007.94,0.797832,0.224277,3,7,0,8010.37,38124.1,6267.02,0.814137,0.904287,0.86221,0.641853,0.581136,0.867208
-8007.94,0.312976,0.224277,3,7,0,8018.34,38124.1,6267.02,0.814137,0.904287,0.86221,0.641853,0.581136,0.867208
-8002.87,1,0.224277,3,7,0,8009.09,38087.2,6296.5,0.784458,0.92848,0.841569,0.627568,0.62291,0.87526
-8004.73,0.845688,0.224277,4,27,0,8006.72,38941.5,5965.15,0.760489,0.934126,0.823787,0.614262,0.594596,0.844777
-8003.17,0.995399,0.224277,4,31,0,8007.99,38429.8,6462.03,0.784737,0.906512,0.84956,0.630201,0.613957,0.880372
-8003.14,0.951337,0.224277,3,7,0,8005.51,38603.3,6204.29,0.787556,0.928667,0.864055,0.640876,0.614316,0.892147
-8005.23,0.754673,0.224277,4,31,0,8008.67,36853.9,6495.49,0.817455,0.984536,0.904837,0.645476,0.646349,0.842697
-8008.1,0.982865,0.224277,4,15,0,8009.36,36564.2,6279.42,0.842639,0.986716,0.911376,0.625504,0.663012,0.882875
-8005.92,0.99799,0.224277,4,15,0,8010.95,36782.2,6370.29,0.798983,0.968853,0.918476,0.661554,0.670753,0.886274
-8008.23,0.962769,0.224277,4,15,0,8009.96,36572.6,6394.08,0.859405,0.982444,0.890408,0.655998,0.62278,0.832526
-8010.59,0.982991,0.224277,3,15,0,8011.78,36929.3,6380.42,0.78026,0.958162,0.938232,0.663444,0.67853,0.877842
-8007.39,0.96407,0.224277,4,15,0,8015.29,35827.3,6168.34,0.826953,0.982873,0.922183,0.672772,0.646383,0.823085
-8005.46,0.994124,0.224277,4,31,0,8009.47,36968.3,6765.18,0.838118,0.960882,0.903338,0.653837,0.644092,0.909273
-8006.98,0.846542,0.224277,4,15,0,8011.27,36833.1,6804.82,0.831972,0.955239,0.88622,0.656072,0.648913,0.911429
-8005.41,0.990107,0.224277,4,15,0,8009.64,37308.5,6508.66,0.819934,0.960948,0.918698,0.659714,0.65626,0.919555
-8009.03,0.942404,0.224277,3,7,0,8010.76,36573.8,6852.08,0.836056,0.974365,0.882663,0.679413,0.677382,0.904882
-8007.93,0.999861,0.224277,4,15,0,8012.32,37353.2,5885.27,0.776501,0.972076,0.886953,0.622167,0.605313,0.823965
-8002.53,0.989629,0.224277,4,31,0,8009.66,38330.4,6070.13,0.779797,0.911633,0.839415,0.617926,0.609392,0.856347
-8005.49,0.954939,0.224277,3,7,0,8007.7,38424.9,6418.78,0.781014,0.90771,0.854778,0.593325,0.621483,0.859702
-8003.87,0.497357,0.224277,3,15,0,8010.38,39007.7,6049.95,0.764424,0.889035,0.851367,0.624539,0.593546,0.847065
-8003.67,1,0.224277,3,7,0,8004.16,38631.8,5999.79,0.75519,0.922304,0.816516,0.617987,0.598143,0.848859
-8007.14,0.838283,0.224277,3,15,0,8009.18,39858.9,6227.82,0.772141,0.879806,0.853506,0.62797,0.599951,0.898078
-8004.77,0.997303,0.224277,4,15,0,8008.97,37397,6227.24,0.799889,0.929788,0.872112,0.631292,0.645585,0.819365
-8005.08,0.93119,0.224277,4,15,0,8008.96,37338.6,6206.11,0.791867,0.974845,0.890094,0.651983,0.609279,0.854903
-8008.26,0.811666,0.224277,3,15,0,8010.02,36576.4,6430.34,0.813813,0.931537,0.909193,0.638029,0.621465,0.844067
-8011.32,0.979427,0.224277,4,23,0,8014.71,38111.6,6501.16,0.818964,0.967569,0.878715,0.671381,0.664169,0.922498
-8006.72,0.997065,0.224277,4,15,0,8012.91,37392.5,6505.67,0.83029,0.964718,0.917794,0.640988,0.617001,0.866089
-8004.57,0.990317,0.224277,4,15,0,8010.12,37415.4,6186.06,0.804577,0.949357,0.885591,0.65448,0.660314,0.866207
-8006.25,0.985302,0.224277,4,15,0,8008.19,37146.8,6718.77,0.828032,0.96342,0.913377,0.669587,0.619442,0.891081
-8005.71,0.99796,0.224277,4,15,0,8007.66,37281.6,6369.91,0.831079,0.962525,0.897123,0.639015,0.6663,0.903024
-8005.84,0.969074,0.224277,4,15,0,8009.62,36970.4,6589.21,0.797413,0.960229,0.894645,0.647285,0.654453,0.828504
-8004.87,0.986849,0.224277,4,23,0,8008.64,39774.4,6224.48,0.734785,0.883684,0.801874,0.620667,0.602935,0.859781
-8003.98,0.514499,0.224277,4,15,0,8008.02,37738.9,6069.41,0.802461,0.943734,0.885885,0.622146,0.611383,0.857478
-8004.93,0.971939,0.224277,4,15,0,8007.34,38939.7,6097.35,0.771914,0.901294,0.850923,0.604343,0.610093,0.909027
-8006.72,0.87835,0.224277,3,7,0,8009.08,39759.2,6069.52,0.773723,0.89024,0.813824,0.59852,0.62033,0.903941
-8002.9,0.989079,0.224277,3,7,0,8007.17,39092.1,6225.15,0.758184,0.902553,0.843765,0.609306,0.613809,0.891356
-8005.63,0.755924,0.224277,4,15,0,8009.23,40089.8,6195.56,0.750852,0.871266,0.793277,0.600765,0.585225,0.84558
-8006.28,0.628677,0.224277,3,7,0,8009.71,40026.7,6097.75,0.723376,0.867636,0.805133,0.589385,0.577234,0.880445
-8006.58,0.92621,0.224277,4,15,0,8008.22,40357.6,5945.05,0.745271,0.845325,0.809491,0.604467,0.57879,0.880148
-8005.04,0.990784,0.224277,5,31,0,8009.04,37879,6259.25,0.778548,0.918149,0.838184,0.610448,0.610317,0.82548
-8005.13,0.923935,0.224277,4,15,0,8007.09,38882.7,6138.62,0.761691,0.927049,0.84975,0.614859,0.601008,0.824843
-8004.91,0.996682,0.224277,4,31,0,8007.51,37833.6,6128.49,0.774822,0.918047,0.836685,0.64494,0.60108,0.829616
-8011,0.648995,0.224277,4,15,0,8012.93,38570.6,5760.49,0.758534,0.9548,0.860665,0.63962,0.606081,0.828705
-8013.55,0.758069,0.224277,4,15,0,8017.22,37072.6,5750,0.754846,0.929199,0.828118,0.624492,0.606711,0.798792
-8009.82,0.993948,0.224277,3,7,0,8014.8,37251.8,5741.95,0.756061,0.952198,0.835051,0.623033,0.608094,0.788322
-8008.13,0.899365,0.224277,3,15,0,8016.22,38874.8,6124.24,0.789604,0.892596,0.84816,0.585457,0.590234,0.828555
-8005.47,0.970819,0.224277,3,15,0,8012.14,38678.2,6039.59,0.759757,0.915743,0.848364,0.630319,0.616434,0.912273
-8003.84,0.98918,0.224277,3,7,0,8006.59,39243.6,6321.37,0.786294,0.89234,0.838079,0.617117,0.608121,0.899184
-8004.84,0.716107,0.224277,4,15,0,8008.19,38117.4,6068.29,0.791395,0.944259,0.861151,0.631396,0.613715,0.816551
-8003.81,0.90221,0.224277,4,23,0,8008.61,39052,6121.51,0.745524,0.915153,0.814867,0.629642,0.606016,0.859848
-8003.94,0.908932,0.224277,4,15,0,8006.99,38394.2,6068.65,0.755192,0.900956,0.852537,0.615912,0.596995,0.830773
-8004.68,0.907754,0.224277,4,15,0,8008.86,38923.9,5700.49,0.741918,0.893989,0.812736,0.61966,0.604917,0.831391
-8007.47,0.908037,0.224277,4,15,0,8010.36,38607.8,6588.63,0.77263,0.924044,0.862897,0.620442,0.660674,0.896099
-8008.04,0.950294,0.224277,4,15,0,8012.32,38667.8,6254.07,0.797201,0.898466,0.86667,0.628854,0.57855,0.910853
-8010.62,0.91682,0.224277,4,15,0,8011.63,37880.3,6186.19,0.756289,0.933756,0.868134,0.635864,0.662651,0.793779
-8005.59,0.993702,0.224277,3,7,0,8012.99,37347.7,5884.95,0.80449,0.964958,0.867572,0.646156,0.620707,0.836423
-8003.8,0.993482,0.224277,4,15,0,8006.88,37911.9,6203.66,0.780387,0.916899,0.878374,0.620541,0.631715,0.838772
-8007.7,0.626711,0.224277,3,7,0,8011.44,37641.9,6173.9,0.77356,0.90151,0.885425,0.609026,0.627355,0.844539
-8004.68,0.349082,0.224277,3,7,0,8016.09,37643.1,5961.42,0.782282,0.934459,0.860597,0.608735,0.62692,0.828209
-8004.93,0.941581,0.224277,4,15,0,8007.22,37969.2,6495.76,0.803648,0.948222,0.888429,0.667508,0.622446,0.904642
-8006.35,0.983842,0.224277,3,15,0,8008.71,37084,6286.07,0.804684,0.938839,0.915005,0.665172,0.628685,0.906297
-8010.82,0.952997,0.224277,4,31,0,8015.34,36712.4,6075.24,0.834836,0.98214,0.948421,0.666533,0.63736,0.904048
-8009.97,0.997295,0.224277,4,15,0,8014,37186.3,6782.3,0.812307,0.939224,0.856431,0.643192,0.656952,0.825348
-8007.1,0.985489,0.224277,3,7,0,8011.48,37592.2,6776.81,0.818881,0.953314,0.88096,0.638064,0.650425,0.856026
-8008.52,0.975685,0.224277,4,15,0,8010.55,36043.2,6072,0.821133,0.977737,0.925595,0.677265,0.638465,0.872906
-8008.28,0.999076,0.224277,4,31,0,8011.8,38738.3,6747.76,0.745357,0.898356,0.86355,0.624142,0.620709,0.877917
-8006.85,0.925064,0.224277,4,15,0,8011.83,37056.1,6007.65,0.819743,0.973273,0.905964,0.65691,0.642512,0.897525
-8005.96,0.999857,0.224277,4,15,0,8007.67,37478.3,6662.09,0.798201,0.948842,0.862293,0.639741,0.627966,0.832226
-8005.85,0.923622,0.224277,4,15,0,8009.38,37527.1,6069.91,0.800564,0.959812,0.902229,0.65629,0.610127,0.85309
-8004.35,1,0.224277,4,15,0,8006.5,37327.6,6093.54,0.804462,0.950258,0.883393,0.65536,0.606875,0.860085
-8005.93,0.859026,0.224277,4,15,0,8008.97,37672.3,6426.78,0.794012,0.952798,0.875367,0.651526,0.665934,0.858647
-8003.27,0.995329,0.224277,3,7,0,8007.23,37490.6,6181.03,0.799313,0.96365,0.888068,0.634309,0.622925,0.864237
-8003.19,0.917813,0.224277,4,15,0,8006.62,37324.7,6354.31,0.79315,0.959759,0.875166,0.636179,0.630429,0.868938
-8002.41,0.98767,0.224277,3,15,0,8004.51,37855.6,6092.75,0.790377,0.938729,0.86654,0.637324,0.624848,0.875693
-8005.08,0.748983,0.224277,3,11,0,8007.16,38116.1,6416.62,0.795999,0.955338,0.879049,0.620826,0.611305,0.856024
-8005.43,0.940974,0.224277,4,31,0,8008.25,37073.5,6393.12,0.792568,0.950424,0.883315,0.619462,0.622488,0.852876
-8006.84,0.967887,0.224277,4,23,0,8009.91,37679.9,6574.67,0.787857,0.973054,0.874976,0.623666,0.647836,0.86169
-8005,0.997907,0.224277,4,15,0,8007.85,36922.2,6416.73,0.822452,0.98408,0.911655,0.672676,0.642394,0.883704
-8003.19,0.988284,0.224277,4,31,0,8007.23,37870.1,6422.03,0.792887,0.943714,0.873722,0.619971,0.626421,0.887738
-8004.47,0.920535,0.224277,4,15,0,8006.02,38205,6282.89,0.77316,0.942564,0.841941,0.649818,0.616818,0.891414
-8004.31,0.998288,0.224277,4,15,0,8006.51,38129.2,6185.67,0.787743,0.936206,0.863426,0.607203,0.626538,0.893994
-8008.78,0.665693,0.224277,4,15,0,8013.91,36998.3,5979.83,0.789351,0.950673,0.869343,0.674927,0.608823,0.855204
-8006.37,0.895591,0.224277,3,7,0,8011.91,37940.3,6056.54,0.775644,0.921277,0.877017,0.671158,0.618518,0.854779
-8006.21,0.439635,0.224277,3,7,0,8013.12,38132.3,5993.2,0.763536,0.910076,0.870184,0.660941,0.61308,0.863896
-8008.69,0.981489,0.224277,4,15,0,8010.54,37719,6717.35,0.830993,0.917941,0.870825,0.613914,0.632264,0.872916
-8006.46,0.662518,0.224277,3,7,0,8014.67,37796.2,6521.67,0.785084,0.973615,0.897619,0.647218,0.628979,0.903295
-8007.92,0.771637,0.224277,2,7,0,8012.2,37088.6,6468.55,0.805646,0.930003,0.868768,0.656328,0.629925,0.904142
-8009.8,1,0.224277,4,15,0,8011.11,36527.7,6323.94,0.838237,0.987876,0.932389,0.658289,0.657941,0.801956
-8006.6,0.985611,0.224277,4,15,0,8013.61,37385.9,6438.14,0.803403,0.914079,0.875465,0.647026,0.632152,0.900562
-8004.19,1,0.224277,2,7,0,8008.77,37375.8,6392.02,0.799594,0.928939,0.889543,0.644546,0.631066,0.89607
-8008.5,0.673497,0.224277,5,31,0,8009.77,35610.8,6406.22,0.854455,0.993642,0.957607,0.661232,0.675036,0.844657
-8010.85,0.959404,0.224277,4,15,0,8014.94,35773.6,6642.48,0.843835,0.99478,0.901926,0.68458,0.656098,0.799068
-8006.49,0.998993,0.224277,3,7,0,8011.34,35987.3,6466.9,0.846069,0.992761,0.930971,0.673328,0.656798,0.837347
-8007.42,0.990562,0.224277,4,15,0,8009.19,36252.8,6489.84,0.853245,0.968319,0.942779,0.648012,0.675171,0.872562
-8008.18,0.882297,0.224277,4,15,0,8012.14,36831.3,6433.02,0.827956,0.990909,0.934995,0.680709,0.643256,0.909951
-8008.31,0.968984,0.224277,4,15,0,8011.3,36987.3,6800.54,0.857694,0.959169,0.911591,0.669168,0.676644,0.916375
-8007.84,0.997444,0.224277,4,15,0,8012.42,36070.3,6490.18,0.854983,0.986363,0.920223,0.695658,0.631252,0.865231
-8006.79,0.994828,0.224277,3,15,0,8009.89,36083.4,6677.89,0.853872,0.993738,0.931344,0.680598,0.653733,0.877717
-8009.15,0.914779,0.224277,4,15,0,8010.87,36372.1,6651.76,0.84566,0.993477,0.901791,0.646334,0.647129,0.914033
-8005.53,0.943138,0.224277,4,15,0,8015.45,37203.8,6071.98,0.808307,0.961877,0.913192,0.661605,0.63269,0.855257
-8006.56,0.993461,0.224277,4,15,0,8009.81,37127.3,6643.48,0.843596,0.977735,0.914407,0.656823,0.656303,0.919864
-8009.46,0.987689,0.224277,4,15,0,8010.96,36045.6,6497.58,0.855533,0.996301,0.9514,0.693279,0.674829,0.862636
-8006.62,0.978833,0.224277,5,31,0,8012.9,38431,6435.23,0.81429,0.911993,0.840682,0.626056,0.645482,0.879515
-8007.35,0.791945,0.224277,3,15,0,8011.88,38123.3,6407.78,0.809431,0.948946,0.822595,0.617205,0.622353,0.874707
-8004.04,0.973688,0.224277,3,7,0,8008.64,38271.1,6268.74,0.791345,0.904769,0.876339,0.621797,0.628468,0.857244
-8003.71,0.752097,0.224277,3,15,0,8007.63,38109.4,6324.51,0.770192,0.940504,0.847905,0.639738,0.634939,0.848776
-8004.91,0.995506,0.224277,4,31,0,8006.09,36702.2,6342.65,0.842018,0.981504,0.91368,0.66602,0.645665,0.893117
-8005.94,0.915484,0.224277,4,15,0,8010.87,36581.1,6687.49,0.838763,0.955743,0.913731,0.667436,0.663862,0.913724
-8007.49,0.929125,0.224277,3,7,0,8008.27,36487.5,6738.8,0.841206,0.946605,0.914066,0.669231,0.662642,0.915732
-8005.76,1,0.224277,4,15,0,8011.29,36568.9,6216.14,0.82142,0.986042,0.909343,0.632393,0.636347,0.846723
-8008.93,0.961156,0.224277,4,15,0,8010.22,36521.4,6075.63,0.798375,0.988635,0.880026,0.670311,0.664799,0.832648
-8006.32,0.982315,0.224277,4,31,0,8012.73,37036.8,5868.72,0.799578,0.946771,0.887402,0.636921,0.617865,0.809933
-8012.08,0.884555,0.224277,4,15,0,8014.09,36870.6,5806.41,0.779535,0.979689,0.908913,0.661134,0.608724,0.793077
-8012.34,0.93906,0.224277,4,15,0,8016.74,38425.1,6843.95,0.7751,0.959076,0.889933,0.636828,0.623905,0.952394
-8011.15,0.921257,0.224277,4,15,0,8020.22,39160.1,6299.58,0.80608,0.896032,0.852652,0.611506,0.654983,0.912125
-8004.45,0.899337,0.224277,3,15,0,8014.31,38376.8,6463.73,0.789329,0.925249,0.848434,0.619365,0.610048,0.908658
-8003.56,0.865864,0.224277,3,11,0,8008.35,38382.7,6392.87,0.775237,0.939841,0.856242,0.637714,0.637174,0.883712
-8005.88,0.914016,0.224277,4,15,0,8012.4,37043.6,5993.7,0.794828,0.967214,0.893443,0.627084,0.617537,0.813174
-8006.75,0.995487,0.224277,4,31,0,8007.56,37426.6,6740.26,0.803801,0.957384,0.904832,0.654392,0.643204,0.937606
-8006.69,0.98714,0.224277,4,15,0,8008.3,37599.1,6759.92,0.81109,0.932615,0.902132,0.663445,0.640484,0.935196
-8007.12,0.866886,0.224277,4,15,0,8010.1,36956.1,6595.01,0.840021,0.977835,0.893272,0.635373,0.631413,0.909768
-8008.46,0.964541,0.224277,3,7,0,8012.26,38249.2,6445.74,0.753427,0.940629,0.870164,0.657836,0.656001,0.879562
-8004.55,0.969063,0.224277,3,7,0,8012.06,36896.9,6327.79,0.799038,0.963203,0.897227,0.628816,0.632037,0.863896
-8003.62,0.958589,0.224277,2,7,0,8009.2,37262.3,6272.7,0.816808,0.964807,0.896645,0.657293,0.630858,0.856423
-8005.32,0.934919,0.224277,4,31,0,8006.86,38549.7,6259.36,0.772598,0.886843,0.825543,0.62345,0.619712,0.877881
-8005.83,0.973265,0.224277,3,11,0,8007.82,38866.8,6309.87,0.768216,0.940026,0.82857,0.622969,0.627832,0.853836
-8004.37,0.991235,0.224277,4,15,0,8007.97,38189.2,6156.88,0.813424,0.939628,0.869456,0.631658,0.631522,0.877478
-8007.78,0.742478,0.224277,3,7,0,8010.6,38270.4,6262.83,0.745296,0.963119,0.841943,0.640101,0.618954,0.854557
-8006.57,0.962186,0.224277,3,15,0,8011.1,38603.2,6188.98,0.760342,0.951035,0.819511,0.637261,0.610838,0.845209
-8006.93,0.818374,0.224277,3,7,0,8012.61,38447.2,6108.01,0.757511,0.886955,0.874761,0.647078,0.61593,0.845336
-8008.59,1,0.224277,5,31,0,8010.18,36329.2,6448.18,0.833992,0.995124,0.928332,0.701785,0.659281,0.86839
-8005.33,1,0.224277,4,15,0,8010.02,36513.1,6363.23,0.848764,0.965531,0.931634,0.66183,0.651361,0.87642
-8004.45,0.958345,0.224277,4,15,0,8008.99,36417.7,6409.68,0.842129,0.971428,0.92337,0.65842,0.65574,0.871994
-8004.75,0.97583,0.224277,4,31,0,8007.64,37313.2,6558.12,0.822286,0.956756,0.895899,0.635297,0.620365,0.900699
-8004.57,0.999919,0.224277,4,15,0,8005.93,36983.4,6358.99,0.815533,0.953211,0.902574,0.666307,0.663813,0.895439
-8009.51,0.835976,0.224277,4,31,0,8011.88,35721.1,6797.13,0.85603,0.973626,0.940754,0.66687,0.636917,0.862808
-8006.99,0.997226,0.224277,3,7,0,8010.37,36800.5,6673.07,0.840619,0.981467,0.930251,0.677723,0.641158,0.87838
-8008.31,0.991262,0.224277,4,15,0,8010.11,36254.2,6738.71,0.816527,0.986296,0.9244,0.642886,0.64812,0.888165
-8006.82,0.951176,0.224277,4,15,0,8011.35,36887.6,6399.02,0.842922,0.95651,0.91182,0.687952,0.659329,0.913926
-8006.8,0.827557,0.224277,3,7,0,8012.59,36361.3,6429.11,0.818283,0.99219,0.92451,0.655066,0.638704,0.893028
-8007.82,0.942349,0.224277,4,15,0,8015.98,36820.7,6747.57,0.844016,0.979137,0.900561,0.649303,0.617158,0.865882
-8006.17,0.948355,0.224277,4,15,0,8011.83,36570.9,6489.6,0.819969,0.959786,0.898881,0.690109,0.658233,0.886895
-8004.38,0.94957,0.224277,4,15,0,8008.13,37330.9,6368.98,0.811975,0.96833,0.899968,0.62608,0.631963,0.856735
-8005.55,0.986779,0.224277,3,7,0,8007.59,37042.3,6075.38,0.826764,0.965357,0.903033,0.633947,0.630609,0.880188
-8003.82,0.98869,0.224277,3,15,0,8008.48,37463.4,6447.67,0.798886,0.957592,0.878099,0.663942,0.618928,0.867752
-8004.48,0.941865,0.224277,4,15,0,8009.4,37228,6255.74,0.834444,0.945305,0.890666,0.661112,0.641317,0.884521
-8005.9,0.955204,0.224277,4,31,0,8008.97,36490.1,6445.76,0.840823,0.987971,0.916869,0.681681,0.651791,0.906671
-8005.45,0.989693,0.224277,4,15,0,8007.32,36525.9,6499.11,0.847241,0.976743,0.904134,0.667125,0.669713,0.898896
-8009.93,0.953425,0.224277,4,15,0,8011.24,35840.4,6759.02,0.838622,0.979224,0.959494,0.703281,0.6482,0.860817
-8005.3,0.99601,0.224277,4,15,0,8010.69,36135.4,6579.57,0.848767,0.977795,0.927991,0.667411,0.663078,0.869433
-8005.08,0.935146,0.224277,4,15,0,8008.07,36253.2,6249.68,0.824108,0.979527,0.910685,0.651036,0.643783,0.852407
-8005.11,0.992815,0.224277,4,15,0,8007.77,36953.9,6571.12,0.830605,0.973251,0.921633,0.672273,0.652302,0.888364
-8009.08,0.994212,0.224277,4,15,0,8010.24,35895.8,6613.09,0.875727,0.9908,0.952239,0.680907,0.666036,0.851124
-8005.8,0.996568,0.224277,4,31,0,8012.53,37863.4,6326.68,0.785184,0.931699,0.867238,0.650167,0.641212,0.92398
-8005.72,0.895199,0.224277,4,15,0,8013.07,38100.1,6242.94,0.801358,0.944302,0.872589,0.609793,0.602504,0.899869
-8006.96,0.955738,0.224277,3,15,0,8011.31,38920.2,6644.68,0.772524,0.891875,0.840754,0.647482,0.633237,0.895995
-8006.61,0.837258,0.224277,4,15,0,8011.29,37666.1,6327.56,0.82993,0.943336,0.91387,0.645876,0.634774,0.921212
-8005.88,1,0.224277,4,15,0,8009.27,36459.8,6430.43,0.79635,0.966321,0.916247,0.647683,0.640597,0.826298
-8005.6,0.982669,0.224277,4,15,0,8009.24,37177.2,6304.92,0.82259,0.955439,0.885131,0.654981,0.649289,0.921795
-8005.32,0.890311,0.224277,4,31,0,8008.1,37121.7,6413.09,0.802434,0.935164,0.904406,0.668101,0.641247,0.901713
-8003.64,0.820505,0.224277,4,15,0,8011.96,38971.4,6293.27,0.773528,0.891433,0.844489,0.603369,0.612646,0.886076
-8006.83,0.809447,0.224277,3,7,0,8008.91,39517.4,6413.69,0.754193,0.902481,0.863363,0.607942,0.622294,0.881231
-8004.58,0.919511,0.224277,4,15,0,8009.15,37305.8,6230,0.793068,0.973422,0.891944,0.659074,0.617813,0.862608
-8007.97,0.883418,0.224277,3,15,0,8012.44,37622.8,6515.41,0.757642,0.948087,0.905899,0.642528,0.609544,0.844699
-8009.38,0.993801,0.224277,4,15,0,8014.28,37279.1,6074.42,0.847101,0.950839,0.897058,0.63166,0.609228,0.890778
-8005.41,0.968767,0.224277,4,15,0,8011.49,37754.5,6175.08,0.827404,0.948701,0.885604,0.637805,0.623285,0.906432
-8004.83,0.965647,0.224277,4,15,0,8008.56,37081.1,6157.99,0.797155,0.955643,0.90266,0.652196,0.626418,0.890865
-8006.55,0.988557,0.224277,4,15,0,8009.87,37920.8,6572.14,0.780907,0.927796,0.896077,0.624072,0.61549,0.835828
-8005.98,0.980319,0.224277,3,15,0,8009.37,39607.7,6019.13,0.772946,0.902037,0.82334,0.627642,0.607715,0.909532
-8004.68,0.754549,0.224277,4,15,0,8009.46,38784.2,6134.16,0.747977,0.935655,0.849725,0.608717,0.616573,0.858293
-8003.74,0.989607,0.224277,4,23,0,8008.44,38335.4,6339.91,0.800428,0.930817,0.871996,0.62156,0.638004,0.899957
-8005.73,0.938298,0.224277,4,15,0,8007.46,38018.9,6160.63,0.773327,0.946904,0.853202,0.655437,0.600825,0.889112
-8005.4,0.907311,0.224277,3,15,0,8009.83,37910.1,6125.54,0.812183,0.916737,0.892618,0.649258,0.622323,0.87515
-8005.7,0.904185,0.224277,4,15,0,8010.76,37563.8,6208.6,0.818037,0.91838,0.867921,0.626479,0.636117,0.885224
-8008.2,0.996809,0.224277,4,15,0,8009.35,36496.7,6184.31,0.772163,0.981483,0.892885,0.653918,0.638101,0.798055
-8006.26,0.961538,0.224277,4,31,0,8011.66,36051,6325.79,0.829307,0.985217,0.91616,0.649221,0.650933,0.817506
-8003.47,0.995463,0.224277,4,31,0,8006.69,37256.2,6357.24,0.810336,0.959989,0.893715,0.663822,0.629713,0.895319
-8004.62,0.805821,0.224277,4,23,0,8009.07,37412.9,6548.22,0.789351,0.93567,0.867974,0.632841,0.628015,0.862061
-8005.65,0.993546,0.224277,4,31,0,8007.48,39032,5871.46,0.77295,0.932912,0.823251,0.621006,0.604959,0.861639
-8005.61,0.951143,0.224277,4,15,0,8009.77,38303.5,6079.09,0.778807,0.940794,0.861008,0.596221,0.607885,0.830214
-8005.43,0.941085,0.224277,4,31,0,8009.13,38090.3,6414.12,0.782871,0.928126,0.859141,0.666069,0.627902,0.913212
-8003.23,0.835898,0.224277,3,7,0,8008.66,37686.1,6434.22,0.802654,0.951516,0.890436,0.652188,0.623546,0.90206
-8006.08,0.940527,0.224277,3,7,0,8007.67,37444.1,6581.38,0.786908,0.957779,0.883542,0.678023,0.647136,0.895861
-8005.26,0.983934,0.224277,4,31,0,8010.12,37777,6364.75,0.812454,0.933023,0.87199,0.625632,0.602337,0.830326
-8005.92,0.999362,0.224277,3,7,0,8007.03,37693.2,6440.81,0.815803,0.939552,0.875853,0.61752,0.600053,0.845005
-8008.79,0.876115,0.224277,4,15,0,8016.64,36804.4,6088.37,0.816397,0.944907,0.870078,0.67987,0.660324,0.850893
-8008.87,0.993005,0.224277,4,31,0,8010.46,36944.6,6065.41,0.814,0.936093,0.867215,0.677546,0.656445,0.851199
-8004.71,1,0.224277,3,7,0,8009.55,37461.5,6165.96,0.798149,0.959523,0.870738,0.656724,0.651744,0.846935
-8005.02,0.93785,0.224277,4,15,0,8009.41,37299.3,6127.58,0.782738,0.966581,0.893784,0.654688,0.616253,0.870827
-8009.2,0.810692,0.224277,4,15,0,8013.33,36892.9,6534.99,0.82125,0.989061,0.919999,0.643376,0.680649,0.921921
-8010.24,0.943279,0.224277,4,15,0,8013.8,37194.4,6446.98,0.812985,0.989306,0.917492,0.645888,0.679348,0.918719
-8007.42,0.978969,0.224277,3,15,0,8014.95,36887,6573.26,0.861227,0.956855,0.88231,0.659421,0.632742,0.889039
-8008.53,0.963162,0.224277,3,15,0,8015.34,37366.9,6633.2,0.843868,0.954679,0.921622,0.666299,0.640856,0.946307
-8004.63,0.990711,0.224277,4,15,0,8010.7,36805.3,6442.45,0.795648,0.961554,0.89937,0.652993,0.655143,0.842491
-8007.83,0.912368,0.224277,3,7,0,8010.33,37144.6,6109.45,0.811634,0.972454,0.876604,0.649103,0.674648,0.852268
-8009.16,0.912412,0.224277,4,31,0,8014.61,37437.1,6096.07,0.790246,0.896917,0.893851,0.637136,0.649802,0.847942
-8008.4,1,0.224277,4,23,0,8013.49,36366.2,6645.92,0.845395,0.998127,0.910545,0.680059,0.638646,0.875914
-8007.29,0.999044,0.224277,4,15,0,8009.18,36083.1,6289.06,0.829394,0.997773,0.934456,0.669835,0.655358,0.857665
-8007.56,0.97809,0.224277,4,15,0,8010.8,36600.4,6821.84,0.85668,0.985029,0.912415,0.670195,0.660274,0.922341
-8007.53,0.9837,0.224277,4,31,0,8011.73,36871.7,5936.18,0.777335,0.954549,0.908194,0.657333,0.625335,0.823685
-8005.16,0.990329,0.224277,4,15,0,8010.56,37510.1,6209.67,0.798551,0.965281,0.903502,0.628938,0.609955,0.859999
-8005.17,0.903608,0.224277,4,15,0,8009.68,37439.1,6168.95,0.791746,0.93109,0.849849,0.636598,0.646725,0.818355
-8004.01,0.977206,0.224277,4,31,0,8007.21,36878.4,6408.89,0.803665,0.964537,0.906715,0.65739,0.626314,0.878102
-8007.56,0.960883,0.224277,3,7,0,8009.49,37350.4,6215.17,0.832527,0.96579,0.893114,0.615083,0.613236,0.883288
-8011.71,0.948132,0.224277,3,7,0,8013.93,37226.5,6092.25,0.827794,0.98102,0.908205,0.608423,0.616412,0.894576
-8005.5,0.998074,0.224277,4,15,0,8013.39,36550.5,6408.44,0.814211,0.9679,0.905377,0.684255,0.648149,0.842615
-8005.88,0.980436,0.224277,4,15,0,8009.28,37410.1,6398.99,0.806163,0.961271,0.897287,0.608083,0.620628,0.862133
-8007.89,0.915978,0.224277,4,31,0,8012.67,36807.8,6330.43,0.809649,0.956903,0.928284,0.618112,0.662453,0.864912
-8008.8,0.928812,0.224277,4,15,0,8012.74,36565.7,6497.54,0.841547,0.982855,0.912404,0.68861,0.611923,0.84592
-8007.58,0.902225,0.224277,4,15,0,8015.88,37325.7,6364.16,0.809436,0.973184,0.928371,0.651007,0.662651,0.893847
-8007.81,0.992244,0.224277,4,15,0,8011.02,36928.2,6496.32,0.861186,0.985184,0.904867,0.670721,0.640652,0.890401
-8005.87,1,0.224277,4,15,0,8008.17,36469.4,6509.22,0.854766,0.9844,0.913484,0.668981,0.640088,0.898904
-8008.21,0.990061,0.224277,4,15,0,8009.05,36257.8,6516.5,0.870423,0.990355,0.930876,0.671315,0.643489,0.915452
-8006.94,0.9828,0.224277,4,31,0,8011.2,38070.2,6699.73,0.78713,0.923768,0.885959,0.652292,0.661805,0.901798
-8007.71,0.750838,0.224277,4,23,0,8013.48,36628.2,6171.96,0.838708,0.949303,0.922546,0.651324,0.615699,0.871509
-8008.11,0.999465,0.224277,4,15,0,8009.57,36480.6,6545.56,0.793753,0.986073,0.885796,0.659466,0.666302,0.840058
-8009.67,0.99184,0.224277,4,15,0,8013.54,36400.8,6238.27,0.843863,0.96737,0.928436,0.617643,0.622429,0.8485
-8010.72,0.798109,0.224277,4,15,0,8016.01,36079.3,6236.38,0.823887,0.995615,0.87404,0.673317,0.647895,0.862194
-8008.97,0.995765,0.224277,4,15,0,8012.78,37204.6,6179.94,0.80937,0.996294,0.889983,0.663638,0.648786,0.87426
-8008.06,0.973611,0.224277,4,15,0,8013.51,37100.3,6573.41,0.819229,0.981803,0.914622,0.623464,0.633649,0.837132
-8005.49,0.993366,0.224277,3,15,0,8010.11,36657,6334.92,0.83471,0.955355,0.916672,0.676282,0.656087,0.902234
-8009.93,0.908452,0.224277,3,7,0,8013.16,37419.5,6406.38,0.832563,0.969695,0.848945,0.67864,0.647638,0.905985
-8008.67,0.99228,0.224277,4,15,0,8016.22,36536.1,6395.08,0.821746,0.958542,0.941898,0.624947,0.633788,0.82442
-8005.17,0.987945,0.224277,3,15,0,8012.17,37092.3,6310.3,0.823466,0.954724,0.928572,0.644491,0.633345,0.883019
-8004.8,0.999108,0.224277,4,15,0,8005.81,37217.5,6484.41,0.812759,0.963895,0.870131,0.664465,0.655461,0.875775
-8006.15,0.968464,0.224277,4,15,0,8008.07,37528.1,6333.87,0.806489,0.967919,0.859849,0.66259,0.655972,0.888409
-8003.75,1,0.224277,3,7,0,8007.1,37164.5,6286.68,0.822957,0.936223,0.889572,0.645403,0.639432,0.869278
-8008.02,0.992476,0.224277,4,15,0,8009.83,37490.6,6830.73,0.808899,0.952277,0.880112,0.672243,0.618948,0.925513
-8005.66,0.991873,0.224277,4,15,0,8012.69,37106.4,5990.08,0.799871,0.937152,0.896224,0.659245,0.641592,0.853438
-8010.47,0.714167,0.224277,4,15,0,8013.79,37206.3,6413.69,0.792556,0.989336,0.864093,0.609122,0.609301,0.824725
-8008.88,0.996169,0.224277,4,31,0,8013.93,36092.1,6415.05,0.867477,0.968914,0.936559,0.700013,0.673874,0.883941
-8007.66,0.910689,0.224277,3,7,0,8012.24,36427.4,6486.87,0.851927,0.980243,0.938178,0.693925,0.673285,0.896659
-8009.96,0.78487,0.224277,4,31,0,8015.53,36321.7,6076.81,0.815736,0.984793,0.921978,0.666591,0.665598,0.910162
-8005.69,1,0.224277,3,7,0,8011.32,36272.2,6570.71,0.841588,0.98211,0.911672,0.675995,0.671283,0.865644
-8006.74,0.965015,0.224277,4,15,0,8009.26,36500.8,6447.19,0.839031,0.967577,0.942406,0.639683,0.641123,0.886133
-8005.72,0.967268,0.224277,4,15,0,8009.88,37360.2,6399.56,0.800053,0.97096,0.864897,0.671372,0.646578,0.867233
-8005.96,0.963114,0.224277,4,15,0,8008.3,37696.8,6451.37,0.794104,0.967778,0.875049,0.672998,0.641908,0.885553
-8008.25,0.680559,0.224277,3,11,0,8012.97,36715.7,6498.76,0.819754,0.937807,0.878975,0.664684,0.645123,0.903327
-8007.13,0.989434,0.224277,4,23,0,8010.2,36423.3,6377.91,0.796509,0.961448,0.896918,0.631732,0.636046,0.83535
-8006.53,0.978893,0.224277,4,31,0,8010.39,37935.6,6288.02,0.790961,0.898212,0.841469,0.626343,0.639677,0.871801
-8004.1,0.749706,0.224277,3,15,0,8010.74,38305.1,6305.91,0.790796,0.931429,0.863421,0.632504,0.650935,0.889263
-8004.33,0.967279,0.224277,3,7,0,8006.17,37932.7,6227.67,0.792028,0.936355,0.858516,0.619486,0.640173,0.897819
-8005.71,0.960751,0.224277,3,15,0,8007.65,38176.5,6346.72,0.820235,0.947243,0.855351,0.622111,0.634362,0.901084
-8006.09,0.855357,0.224277,4,15,0,8012.06,37187.1,6307.69,0.769602,0.926911,0.87872,0.642845,0.622507,0.827632
-8007.91,0.94215,0.224277,4,31,0,8010.59,37894.9,6391.5,0.814859,0.969523,0.865257,0.614881,0.632172,0.839329
-8010.54,0.85442,0.224277,2,3,0,8012.38,36927.4,6342.37,0.808163,0.970137,0.841735,0.606738,0.635684,0.838553
-8006.52,0.940917,0.224277,3,7,0,8018.11,37292.8,6380.03,0.806018,0.971996,0.848472,0.635564,0.613553,0.859586
-8009.47,0.956217,0.224277,3,15,0,8011.32,36883.7,6240.93,0.791561,0.937102,0.930224,0.644142,0.651974,0.802833
-8009.48,0.983943,0.224277,4,15,0,8012.27,36662.8,6442.19,0.855029,0.994926,0.881911,0.665685,0.632321,0.895284
-8006.21,0.985043,0.224277,3,7,0,8011.08,36349.2,6484.26,0.857669,0.991272,0.919529,0.673154,0.654669,0.873067
-8006.42,0.905231,0.224277,4,15,0,8008.17,36743.2,6473.14,0.835539,0.979947,0.92571,0.681111,0.65836,0.865961
-8008.05,0.995932,0.224277,4,15,0,8010.7,36243,6582.52,0.852474,0.993359,0.952996,0.683426,0.667955,0.899405
-8005.99,0.872872,0.224277,4,31,0,8012.8,36893.5,6488.93,0.833221,0.946278,0.871407,0.64601,0.63706,0.880507
-8006.8,0.990002,0.224277,4,15,0,8007.38,37021.4,6325.64,0.78119,0.94071,0.903928,0.647162,0.640219,0.895227
-8007.28,0.979985,0.224277,3,15,0,8014.02,37418.7,6283.61,0.777848,0.961824,0.913566,0.642296,0.609614,0.894504
-8005.44,0.951781,0.224277,3,7,0,8009.77,37694.4,6192.64,0.795193,0.950264,0.906862,0.663271,0.619358,0.887704
-8005.74,0.995483,0.224277,4,31,0,8008.83,36860.3,6524.3,0.812323,0.951999,0.919375,0.666798,0.623261,0.89855
-8007.42,0.884426,0.224277,3,7,0,8012.15,37499.2,6309.57,0.812896,0.958706,0.839686,0.662629,0.614891,0.885123
-8007.34,0.986815,0.224277,4,31,0,8010.69,37959.6,6145.14,0.812804,0.967054,0.854841,0.655948,0.609566,0.882287
-8007.33,0.985259,0.224277,3,15,0,8010.48,38642.9,6304.15,0.759323,0.931049,0.884494,0.647818,0.63771,0.878411
-8007.81,0.985761,0.224277,4,15,0,8010.69,38905.6,6526.59,0.802833,0.940944,0.844487,0.638336,0.599288,0.921044
-8004.09,0.962415,0.224277,4,15,0,8009.92,37808.4,6257.92,0.76633,0.946552,0.867552,0.61672,0.618556,0.863877
-8003.46,0.975261,0.224277,4,15,0,8006.8,38549.5,6123.2,0.765792,0.929982,0.831801,0.60716,0.607855,0.867482
-8003.51,0.982186,0.224277,4,23,0,8005.6,37963.2,6229.72,0.773607,0.951837,0.872023,0.639936,0.62699,0.845179
-8003.31,0.934218,0.224277,4,31,0,8005.64,37706.9,6438.59,0.807208,0.947968,0.878289,0.639946,0.633742,0.85194
-8005.49,0.899881,0.224277,3,15,0,8006.4,37095.5,6213.26,0.776731,0.940769,0.897294,0.649876,0.629007,0.87085
-8004.21,0.945995,0.224277,3,15,0,8008.14,37154.7,6177.9,0.777515,0.948724,0.88388,0.653286,0.638886,0.850135
-8007.68,0.870872,0.224277,3,7,0,8010.65,37098.3,5985.93,0.814767,0.971842,0.848943,0.621439,0.623723,0.817379
-8005.68,0.922515,0.224277,4,15,0,8011.93,38527.7,6157.59,0.735503,0.928174,0.836469,0.640648,0.608513,0.867656
-8003.86,0.989973,0.224277,3,15,0,8008.43,38179.2,5987.71,0.783757,0.922944,0.864701,0.626826,0.600667,0.825493
-8004.84,0.988989,0.224277,4,15,0,8005.8,38547.6,6475.96,0.79189,0.930287,0.858415,0.621949,0.588354,0.882823
-8005.23,0.996959,0.224277,4,15,0,8007.32,38238.5,6552.37,0.802011,0.912499,0.856129,0.625806,0.603669,0.85345
-8008.64,0.690034,0.224277,4,15,0,8014.24,37717.5,6160.61,0.766848,0.954787,0.916054,0.6376,0.634708,0.901795
-8009.4,0.980427,0.224277,3,15,0,8015.11,37322.6,6669.59,0.853706,0.958272,0.876498,0.673568,0.668789,0.926199
-8010.41,0.91227,0.224277,4,15,0,8016.35,36837.5,6535.87,0.807607,0.981574,0.952352,0.641165,0.622111,0.840778
-8010.66,0.992817,0.224277,4,15,0,8013.74,36821.3,6093.47,0.833713,0.984008,0.854868,0.665687,0.66329,0.868293
-8009.94,0.903726,0.224277,4,15,0,8014.79,37024.9,6277.03,0.786699,0.957751,0.940811,0.63489,0.623192,0.807522
-8005.74,0.992984,0.224277,4,15,0,8015.36,37159.6,6425.28,0.839686,0.968723,0.876591,0.645975,0.659081,0.88431
-8004.73,0.991427,0.224277,4,31,0,8008.13,38473.3,6364.55,0.76713,0.93566,0.886158,0.640719,0.611592,0.893621
-8003.52,1,0.224277,3,7,0,8006.08,38328.6,6425.18,0.789807,0.906088,0.867549,0.63743,0.605721,0.879011
-8004.43,0.561557,0.224277,3,15,0,8009.34,38426.5,6075.6,0.751958,0.891304,0.836609,0.614434,0.604283,0.840191
-8003.88,0.987259,0.224277,4,15,0,8011.72,38168.6,6218.46,0.811918,0.938914,0.866959,0.644547,0.621317,0.899671
-8005.14,0.922804,0.224277,4,31,0,8007.83,39048.6,6212.86,0.741688,0.908077,0.80532,0.599917,0.598806,0.84966
-8002.76,0.991478,0.224277,3,15,0,8008.2,39302.3,6137.73,0.753925,0.898586,0.820874,0.624761,0.595088,0.862257
-8005.92,0.576154,0.224277,4,15,0,8007.46,37888.5,6072.19,0.817935,0.950222,0.86564,0.624783,0.630505,0.83735
-8004.05,0.999948,0.224277,4,23,0,8008.12,37369.6,6137.26,0.810947,0.924823,0.875624,0.641408,0.630199,0.853759
-8003.9,0.989474,0.224277,3,7,0,8005.59,37543.4,6231.47,0.801845,0.968752,0.867666,0.628377,0.627144,0.855306
-8005.87,0.946801,0.224277,4,15,0,8007.24,38846.3,6317.05,0.76283,0.889609,0.818924,0.629212,0.601674,0.895758
-8005.49,0.934712,0.224277,4,31,0,8008.44,37686.1,6093.42,0.788853,0.906166,0.886017,0.636551,0.611237,0.860356
-8005.01,1,0.224277,4,15,0,8007.63,37342.9,6518.85,0.799452,0.957104,0.86104,0.63065,0.646668,0.871147
-8005.15,0.816185,0.224277,4,31,0,8010.26,36725.7,6215.3,0.835316,0.956932,0.91535,0.659876,0.635886,0.889783
-8006.82,0.994198,0.224277,4,15,0,8007.92,37042.3,6810.2,0.807263,0.962465,0.890839,0.659005,0.670864,0.898082
-8010,0.942915,0.224277,4,15,0,8012.32,37182.5,6380.99,0.824621,0.976878,0.89183,0.663807,0.614976,0.939096
-8008.3,0.988642,0.224277,4,15,0,8012.13,36469.9,6409,0.805545,0.953959,0.902778,0.647635,0.6615,0.787552
-8008.72,0.943699,0.224277,4,15,0,8015.88,37222.1,5951.79,0.830232,0.975394,0.868256,0.62386,0.639936,0.863209
-8015.69,0.528802,0.224277,4,15,0,8023.96,39187.6,6295.06,0.772154,0.926884,0.891708,0.657627,0.647826,0.906052
-8011.32,1,0.224277,4,15,0,8018.19,37826.5,6459.71,0.818669,0.983482,0.871931,0.637198,0.585549,0.864825
-8008.96,0.910266,0.224277,4,15,0,8017.19,37301.1,6087.38,0.78232,0.913983,0.896616,0.638237,0.661331,0.828515
-8003.85,1,0.224277,3,7,0,8013.93,37310.5,6278.84,0.785916,0.955499,0.877259,0.647342,0.636388,0.821914
-8004.28,0.909863,0.224277,4,15,0,8006.6,37941.8,6086.24,0.799282,0.909984,0.866927,0.642162,0.614911,0.880508
-8005.29,0.606123,0.224277,4,15,0,8008.99,37288.9,6533.06,0.790344,0.950453,0.877427,0.63998,0.629801,0.899471
-8006.3,0.97482,0.224277,4,31,0,8010.04,38434.5,6486.48,0.797778,0.91639,0.864247,0.630033,0.617104,0.829918
-8008.04,0.878391,0.224277,4,31,0,8012.61,36957.2,6262.1,0.819151,0.960089,0.854526,0.627477,0.646675,0.881455
-8008.36,0.990664,0.224277,4,31,0,8012.29,36045.9,6640.74,0.83964,0.996373,0.939114,0.68991,0.639031,0.889577
-8014.1,0.823129,0.224277,4,15,0,8016.43,36398.6,6316.85,0.842866,0.999403,0.960553,0.660295,0.680351,0.86524
-8011.91,0.996205,0.224277,4,31,0,8017.42,36212,6283.87,0.845347,0.999529,0.956249,0.661993,0.672219,0.863642
-8011.5,0.965262,0.224277,4,15,0,8015.04,36592.8,6797.54,0.843329,0.997109,0.947807,0.683433,0.639336,0.877228
-8011.46,0.991886,0.224277,4,15,0,8014.35,36087.1,6349.47,0.858312,0.998951,0.943065,0.689342,0.673236,0.844769
-8012.79,0.984685,0.224277,4,23,0,8016.58,35175.3,6550.53,0.842933,0.999665,0.962764,0.677505,0.677924,0.878986
-8009.77,0.999176,0.224277,5,31,0,8015.79,37638.6,6389.82,0.770879,0.990709,0.879327,0.629559,0.623771,0.884793
-8007.18,0.896503,0.224277,3,7,0,8013.82,37866.2,6247.04,0.802784,0.918829,0.859878,0.654389,0.606231,0.802126
-8007.3,1,0.224277,3,7,0,8010.3,37494.4,6328.17,0.799145,0.937186,0.846316,0.640158,0.606205,0.784303
-8005.85,0.979446,0.224277,3,15,0,8013.52,38986.2,6521.45,0.752977,0.905855,0.845642,0.64097,0.58857,0.874046
-8006.54,0.897233,0.224277,4,15,0,8009.26,38330.9,6203.91,0.786107,0.922531,0.891141,0.611616,0.638383,0.911031
-8012.27,0.878708,0.224277,4,15,0,8014.46,38716.1,6173.95,0.8061,0.912429,0.80819,0.631872,0.646741,0.917631
-8008.47,1,0.224277,4,15,0,8017.44,36906.6,6724.31,0.822583,0.977201,0.938832,0.662586,0.620051,0.869278
-8012.66,0.890595,0.224277,4,15,0,8017.14,36523.8,6517.92,0.858162,0.994458,0.946216,0.635223,0.662753,0.831267
-8006.03,0.899058,0.224277,4,31,0,8016.18,36879.8,6135.17,0.823618,0.985421,0.891762,0.646826,0.644452,0.885753
-8006.44,0.992479,0.224277,4,15,0,8009.51,36531.6,6411.75,0.808081,0.992043,0.909232,0.662137,0.632557,0.824503
-8010.07,0.911383,0.224277,3,7,0,8011.99,36849.3,6284.26,0.779646,0.992308,0.873335,0.680642,0.649711,0.841296
-8011.29,0.967248,0.224277,4,15,0,8014.23,37168.4,6467.32,0.864911,0.933613,0.926656,0.630805,0.633758,0.883617
-8009.05,0.991682,0.224277,4,15,0,8013.44,36617.8,6552.7,0.808188,0.99635,0.903668,0.693436,0.655257,0.87638
-8009.4,0.992605,0.224277,4,15,0,8011.56,36554.9,6522.78,0.824314,0.993494,0.881573,0.697492,0.652041,0.869686
-8010.45,0.812162,0.224277,3,15,0,8014.95,36306.5,6557.77,0.817086,0.992901,0.875664,0.690847,0.644551,0.879129
-8009.64,0.798905,0.224277,4,15,0,8017.17,36521.6,6353.05,0.807753,0.982897,0.921951,0.616211,0.634016,0.884304
-8010.19,0.914837,0.224277,4,15,0,8014.44,37989.8,6172.75,0.739241,0.894524,0.867847,0.631336,0.588877,0.853096
-8008.05,1,0.224277,2,3,0,8011.93,38941.8,6206.74,0.753944,0.947327,0.856396,0.634934,0.593233,0.852554
-8005.97,0.93496,0.224277,2,7,0,8013.11,38915.2,5998.5,0.789029,0.895722,0.814125,0.607999,0.600148,0.884431
-8006.28,0.902173,0.224277,3,15,0,8011.05,37644,6012.83,0.780063,0.925107,0.890793,0.629206,0.598486,0.867785
-8007.18,0.966165,0.224277,4,15,0,8011.02,36925.1,6851.16,0.838308,0.966536,0.909256,0.663001,0.662913,0.871631
-8007.1,0.996933,0.224277,4,15,0,8009.93,36151.4,6147.74,0.834977,0.991708,0.927825,0.663128,0.639437,0.874406
-8008.2,0.887226,0.224277,4,31,0,8013.2,37298.2,6539.84,0.786046,0.910352,0.877942,0.666803,0.636307,0.841912
-8007.46,1,0.224277,4,31,0,8009.58,36375.8,6163.09,0.835583,0.991692,0.911464,0.651323,0.638237,0.889205
-8009.39,0.984754,0.224277,4,15,0,8013.6,36575.1,6862.93,0.817859,0.966914,0.950636,0.667831,0.645199,0.914367
-8010.34,0.993763,0.224277,4,15,0,8012.43,37119.5,6748.84,0.822821,0.959478,0.952122,0.666686,0.652381,0.935125
-8004.15,0.968467,0.224277,4,15,0,8013.31,37395.4,6529.99,0.814274,0.969751,0.9027,0.656029,0.642124,0.891097
-8004.31,0.800231,0.224277,4,23,0,8009.02,38796.3,6229.18,0.799812,0.900253,0.843276,0.629163,0.619353,0.866028
-8004.22,0.959156,0.224277,3,15,0,8006.27,38588.6,6000.97,0.744589,0.917512,0.865184,0.620854,0.60708,0.85104
-8003.09,0.999467,0.224277,3,15,0,8005.28,38432.9,6189.37,0.774531,0.917858,0.826958,0.638851,0.613661,0.845382
-8007.89,0.862519,0.224277,3,7,0,8010.12,38089.5,5977.62,0.749583,0.919917,0.867495,0.665486,0.604323,0.838266
-8004.74,0.976759,0.224277,3,7,0,8010.3,37707.6,6106.13,0.790355,0.936665,0.836746,0.648184,0.603528,0.833387
-8003.21,0.98186,0.224277,3,15,0,8007.38,37950.8,6047.26,0.780672,0.935906,0.859255,0.636471,0.599147,0.858229
-8004.6,0.872941,0.224277,4,15,0,8007.2,38172.4,5892.9,0.791407,0.947536,0.845825,0.627642,0.616068,0.853454
-8003.9,0.982171,0.224277,4,15,0,8009.53,38244.1,5878.4,0.785018,0.927438,0.829239,0.632392,0.609984,0.844013
-8007.88,0.91568,0.224277,3,7,0,8008.89,38792.4,5738.83,0.7977,0.891966,0.825756,0.622713,0.615245,0.853527
-8009.38,0.72323,0.224277,4,31,0,8013.44,37578.1,6713.36,0.776585,0.937812,0.918371,0.647108,0.620618,0.838542
-8008.39,0.977525,0.224277,4,31,0,8013.02,36905.5,6777.09,0.791073,0.956727,0.913526,0.660236,0.614958,0.87861
-8010.88,0.923306,0.224277,4,15,0,8014.27,36134.6,6475.18,0.83546,0.970305,0.883012,0.641243,0.688778,0.869832
-8008.62,0.999379,0.224277,4,15,0,8015.73,35896.1,6498.92,0.803326,0.975578,0.935646,0.677973,0.662696,0.874652
-8011.76,0.913192,0.224277,4,15,0,8018.81,36679.5,6068.24,0.833775,0.995406,0.908995,0.656679,0.67941,0.839601
-8006.93,0.992272,0.224277,4,15,0,8015.74,37174.2,6472.73,0.821343,0.940881,0.923905,0.660996,0.621036,0.843088
-8007.75,0.960293,0.224277,3,15,0,8010.79,37635.9,6249.95,0.775204,0.975809,0.841423,0.652297,0.637317,0.829067
-8006.3,0.951719,0.224277,4,15,0,8012.07,37080.4,6329.93,0.799955,0.956501,0.884917,0.628225,0.648252,0.796615
-8004.83,0.993824,0.224277,4,15,0,8009.37,37318.5,6237.75,0.802274,0.967464,0.892049,0.673303,0.624794,0.879467
-8007.16,0.826897,0.224277,3,15,0,8009.11,37617,6217.89,0.800528,0.973441,0.901162,0.672186,0.625733,0.885747
-8004.79,0.998989,0.224277,4,15,0,8008.68,37286.1,6483.31,0.79692,0.957545,0.864441,0.635635,0.6524,0.856535
-8005.53,0.916972,0.224277,4,15,0,8008.26,37350.5,6348.14,0.809345,0.940436,0.909663,0.652647,0.608554,0.899235
-8005.76,0.903913,0.224277,4,15,0,8013.65,37838.7,6254.89,0.770338,0.93883,0.860271,0.629589,0.648274,0.812553
-8006.29,0.998398,0.224277,4,15,0,8008.14,37627,6250.93,0.777688,0.935257,0.862912,0.62836,0.649501,0.799747
-8006.88,0.95561,0.224277,3,15,0,8009.73,37389.4,6327.44,0.811364,0.935827,0.84276,0.629274,0.64753,0.816349
-8006.95,0.928715,0.224277,4,15,0,8011.84,37691.9,6332.99,0.817932,0.945375,0.846239,0.633921,0.653865,0.833509
-8006.46,1,0.224277,4,15,0,8008.26,37638.8,6047.51,0.784909,0.955722,0.906053,0.639242,0.601475,0.861463
-8007.34,0.94261,0.224277,4,15,0,8010.99,38627,6605.34,0.793135,0.907996,0.829954,0.633639,0.61629,0.837992
-8006.53,0.878704,0.224277,4,15,0,8011.22,38278.2,5680.59,0.781821,0.933034,0.859757,0.623888,0.617748,0.854745
-8004.84,0.977432,0.224277,4,15,0,8007.93,39228.7,6357.55,0.779947,0.896294,0.861621,0.610711,0.597106,0.907798
-8002.37,0.909181,0.224277,3,15,0,8007.56,38324.6,6158.04,0.786785,0.92508,0.845025,0.620404,0.609643,0.845372
-8005.31,0.848262,0.224277,3,7,0,8008.57,37845.1,6188.75,0.782359,0.942526,0.878948,0.613048,0.594501,0.828801
-8004.03,1,0.224277,4,15,0,8006.28,38302.7,6038.78,0.769577,0.919025,0.846688,0.644063,0.637263,0.869397
-8002.69,0.914809,0.224277,4,31,0,8006.8,37440.1,6179.07,0.79621,0.954782,0.885555,0.650149,0.632362,0.870835
-8006.27,0.924698,0.224277,4,31,0,8008.43,36324.4,6726.59,0.842308,0.967539,0.941323,0.668203,0.659843,0.884973
-8008.83,0.962839,0.224277,4,23,0,8011.85,37357.1,6405.7,0.857108,0.966627,0.866627,0.645691,0.627164,0.9008
-8008.71,0.976728,0.224277,3,7,0,8010.35,37585.3,6463.92,0.856518,0.965832,0.873888,0.642742,0.632946,0.902135
-8007.94,0.987699,0.224277,4,15,0,8011.52,36514.3,6387.78,0.812335,0.995411,0.9341,0.672726,0.652469,0.841269
-8006.98,0.872562,0.224277,4,15,0,8011.69,37301.9,6506.31,0.837494,0.970819,0.902819,0.668949,0.657566,0.873825
-8005.42,0.970849,0.224277,4,23,0,8008.43,38481.1,6234.82,0.762114,0.957598,0.84962,0.630687,0.614354,0.860538
-8003.95,0.884944,0.224277,2,7,0,8009,38376.3,6303.44,0.7725,0.933892,0.862947,0.625419,0.615373,0.830883
-8004.79,0.943496,0.224277,4,15,0,8007.77,38180,6137.21,0.803685,0.940697,0.851722,0.613282,0.598119,0.849433
-8002.82,0.9729,0.224277,3,15,0,8005.8,38741.8,6084.67,0.755084,0.910017,0.851706,0.633452,0.602642,0.871038
-8003.31,0.920686,0.224277,3,15,0,8006.25,38807.8,6352.8,0.765447,0.913592,0.84169,0.609915,0.622374,0.89106
-8005.43,0.733075,0.224277,4,15,0,8007.89,38026.8,5934.97,0.778232,0.957592,0.840001,0.633322,0.601898,0.834138
-8003.09,0.986063,0.224277,3,7,0,8006.35,38407.9,6058.89,0.771652,0.9241,0.862721,0.630804,0.628702,0.850411
-8004.41,0.911505,0.224277,3,15,0,8007.03,37716.4,6057.12,0.796403,0.926727,0.840683,0.629156,0.632532,0.85757
-8004.22,0.976932,0.224277,3,15,0,8009.08,37930.5,6108.91,0.801238,0.92199,0.850641,0.629059,0.64401,0.862149
-8005.35,0.928191,0.224277,4,15,0,8007.03,38072.2,6015.62,0.80577,0.93485,0.841885,0.640245,0.640348,0.856832
-8006.5,0.906638,0.224277,4,15,0,8010.85,37334.2,6255.63,0.761912,0.955811,0.894656,0.634524,0.605719,0.827174
-8010.77,0.945849,0.224277,3,7,0,8014.83,37238.3,6113.4,0.79453,0.951715,0.866917,0.587512,0.654637,0.811532
-8009.97,0.942315,0.224277,4,15,0,8013.92,38861.1,6280.14,0.777136,0.917282,0.845779,0.665124,0.585935,0.926264
-8005.27,0.881821,0.224277,4,15,0,8014.07,38428.1,6148.41,0.788559,0.921385,0.859009,0.657962,0.624509,0.911462
-8003.24,0.930638,0.224277,3,15,0,8007.87,38598.4,6473.01,0.790746,0.915669,0.848776,0.63879,0.619256,0.900405
-8004.73,0.767226,0.224277,3,7,0,8006.17,38764.6,6480.38,0.781817,0.928458,0.878629,0.640806,0.616462,0.900559
-8003.19,0.998862,0.224277,4,31,0,8007.76,37091.5,6260.09,0.80261,0.967763,0.887264,0.644305,0.633219,0.842002
-8003.11,0.975453,0.224277,4,15,0,8005.7,37145,6233.36,0.801312,0.964505,0.885415,0.654419,0.634003,0.871102
-8004.64,0.742126,0.224277,2,3,0,8006.85,37578.2,6196.92,0.804539,0.969627,0.888167,0.659391,0.633011,0.873555
-8005.97,0.97597,0.224277,3,15,0,8013.34,37704,6627.9,0.776507,0.949211,0.861527,0.630474,0.643547,0.888881
-8004.1,0.998475,0.224277,4,15,0,8007.05,37729.1,5982.02,0.801413,0.945847,0.870581,0.637683,0.604199,0.853577
-8003.5,0.907989,0.224277,3,7,0,8007.69,37427.8,6254.92,0.782313,0.949827,0.863052,0.628377,0.62306,0.832489
-8004.97,0.980294,0.224277,4,31,0,8006.23,37414,6463.09,0.815421,0.965206,0.909621,0.636117,0.631581,0.909992
-8002.6,0.985317,0.224277,4,23,0,8009.18,38461.6,6346.66,0.789927,0.920272,0.856364,0.619981,0.608505,0.863551
-8005.13,0.958596,0.224277,4,15,0,8006.12,37622.4,6027.1,0.790941,0.939876,0.886581,0.664004,0.638206,0.878104
-8003.44,0.975328,0.224277,4,15,0,8007.39,37518.8,6517.49,0.804369,0.952726,0.881121,0.639477,0.640018,0.856054
-8004.91,0.950922,0.224277,4,31,0,8008.8,38063.8,6021.48,0.791776,0.917828,0.832501,0.64855,0.603655,0.855668
-8003.96,0.999558,0.224277,3,15,0,8006.3,37742.2,6310.03,0.781272,0.933673,0.892003,0.623676,0.62216,0.887432
-8002.87,0.980737,0.224277,3,15,0,8005.24,38084,6360.27,0.800457,0.932108,0.853636,0.627577,0.632561,0.865638
-8006.94,0.791098,0.224277,3,7,0,8010.44,37889.2,6270.15,0.825252,0.924748,0.890159,0.621102,0.599367,0.862156
-8007.97,0.980261,0.224277,3,15,0,8011.49,37101.6,6537.25,0.817607,0.955987,0.900601,0.615354,0.60172,0.856233
-8006.43,0.997135,0.224277,3,15,0,8009.83,37554.5,6321.93,0.81975,0.957963,0.887978,0.618954,0.597521,0.861306
-8008.87,0.959754,0.224277,4,31,0,8011.41,36356.1,6482.75,0.813245,0.988763,0.905801,0.692749,0.683716,0.887809
-8008.83,0.900979,0.224277,4,15,0,8014.64,35848.4,6433.93,0.867088,0.969471,0.949466,0.690986,0.64241,0.885853
-8009.61,0.909103,0.224277,4,31,0,8014.58,37104.8,6643.31,0.797242,0.983516,0.865794,0.638794,0.644842,0.907775
-8008.38,0.910991,0.224277,4,15,0,8014.86,37190.2,6559.01,0.80491,0.984775,0.893731,0.615841,0.658764,0.881082
-8008.02,0.984686,0.224277,4,15,0,8012.81,36911.1,6664.96,0.81176,0.968839,0.900389,0.64111,0.687743,0.896029
-8008.41,0.974252,0.224277,4,15,0,8012.44,37548.6,5972.52,0.780325,0.958122,0.880761,0.64952,0.580766,0.840468
-8004.88,0.976224,0.224277,3,7,0,8012.03,38076.4,6289.43,0.798607,0.904504,0.864666,0.633925,0.600869,0.836298
-8005.74,1,0.224277,3,15,0,8007.17,37800.4,5825.4,0.758815,0.948626,0.851387,0.634722,0.628064,0.841407
-8004.85,0.982856,0.224277,4,15,0,8008.73,37834.6,6218.35,0.795407,0.951589,0.844416,0.621074,0.603955,0.823765
-8004.33,0.967254,0.224277,4,31,0,8009.19,38009.6,6603.17,0.789686,0.938418,0.887351,0.638154,0.647571,0.89949
-8006.35,0.918917,0.224277,4,15,0,8007.66,37017.3,6206.4,0.839602,0.965028,0.865288,0.65788,0.623433,0.861127
-8008.6,0.975541,0.224277,4,15,0,8010.19,37453.8,6730.39,0.777092,0.963536,0.910741,0.646832,0.656346,0.916883
-8006.59,1,0.224277,3,7,0,8010.08,37978.9,6646.86,0.828198,0.919967,0.860949,0.647751,0.633172,0.916417
-8008.15,0.837796,0.224277,4,15,0,8012.54,37594.5,6400.39,0.844247,0.964601,0.88265,0.668931,0.624658,0.920657
-8006.66,0.99844,0.224277,4,31,0,8009.93,36811.6,6419.75,0.840802,0.958798,0.88842,0.671546,0.648631,0.921719
-8005.82,0.970989,0.224277,4,15,0,8009.83,37353.1,6524.62,0.835827,0.95382,0.903036,0.667185,0.619968,0.914577
-8006.51,0.963967,0.224277,4,15,0,8010.67,37854,6048.29,0.781878,0.934748,0.855293,0.616791,0.643786,0.794895
-8005.08,0.97593,0.224277,4,15,0,8009.94,38094.1,5894.19,0.780429,0.936447,0.873555,0.648937,0.62508,0.875075
-8004.39,0.984968,0.224277,4,15,0,8008.37,38309.7,6301.71,0.790391,0.944148,0.854056,0.645674,0.595776,0.885809
-8004.56,0.955163,0.224277,3,15,0,8008.32,39094.6,6424.2,0.774074,0.917774,0.856513,0.62731,0.63167,0.911334
-8004.68,0.955172,0.224277,4,15,0,8006.86,37829.8,6206.54,0.793214,0.953751,0.862904,0.6278,0.602225,0.820141
-8009.15,0.822654,0.224277,2,3,0,8010.16,37016.1,6283.95,0.785366,0.961534,0.862011,0.627252,0.588102,0.819437
-8009.11,0.989382,0.224277,4,31,0,8016.03,35985.7,6110.09,0.817161,0.982462,0.91094,0.641936,0.673823,0.819575
-8006.73,0.830327,0.224277,4,15,0,8018.49,37032.9,6422.44,0.814349,0.944221,0.885411,0.680409,0.670315,0.885332
-8005.17,0.998138,0.224277,3,15,0,8008.83,37149.9,6587.96,0.80278,0.96082,0.885416,0.646971,0.667161,0.880777
-8007.73,0.934601,0.224277,4,15,0,8009.63,37288.3,6411.76,0.836248,0.963324,0.920725,0.667504,0.620291,0.924955
-8006.13,0.990425,0.224277,3,15,0,8010,36551.1,6288.77,0.827941,0.982865,0.90316,0.663984,0.638791,0.904811
-8007.79,0.934215,0.224277,3,15,0,8011.48,36796,6245.31,0.822489,0.997495,0.918398,0.649704,0.645231,0.858517
-8007.89,0.987327,0.224277,4,15,0,8010.9,37057.1,6621.15,0.818625,0.995174,0.903368,0.639055,0.646328,0.892057
-8008.19,0.895434,0.224277,4,15,0,8010.8,35681,6219.64,0.833176,0.983791,0.923293,0.68684,0.651661,0.83176
-8006.12,0.975357,0.224277,4,31,0,8010.35,37011.7,6745.82,0.817997,0.959885,0.909846,0.634789,0.651986,0.907103
-8009.18,0.964374,0.224277,3,7,0,8010.84,37633.9,6896.02,0.835802,0.929889,0.896026,0.645265,0.668422,0.90883
-8006.2,0.998763,0.224277,3,7,0,8010.36,36948.4,6565.78,0.821754,0.969752,0.880754,0.647852,0.667473,0.906817
-8003.98,0.998467,0.224277,4,31,0,8008,37956.2,6234.09,0.784262,0.950563,0.854178,0.633515,0.600937,0.878
-8003.79,0.98731,0.224277,3,15,0,8005.79,38276.9,6074.43,0.777736,0.912728,0.878064,0.63046,0.599995,0.855438
-8002.95,0.997172,0.224277,4,31,0,8004.35,38761.9,6122.24,0.770747,0.907255,0.820467,0.617618,0.621856,0.859405
-8005.56,0.714792,0.224277,3,15,0,8006.8,37883.1,6293.89,0.777777,0.911511,0.877843,0.628327,0.590625,0.850131
-8005.27,0.835583,0.224277,4,23,0,8008.09,37958.6,6176.68,0.801991,0.929578,0.870735,0.646135,0.656447,0.864782
-8007.42,0.999595,0.224277,4,15,0,8008.92,36988.8,6493,0.819409,0.980004,0.916798,0.674193,0.607628,0.867127
-8005.07,1,0.224277,4,15,0,8008.68,36442.5,6304.37,0.831984,0.967736,0.932571,0.656967,0.654209,0.854678
-8007.41,0.747521,0.224277,3,15,0,8009.58,37139.8,6370.22,0.818855,0.977205,0.93071,0.653383,0.652942,0.85609
-8006.03,0.942349,0.224277,2,3,0,8008.8,36170,6333.63,0.81454,0.973747,0.921135,0.646125,0.647537,0.859867
-8006.61,0.859216,0.224277,3,7,0,8009.98,37010.6,6591.3,0.823834,0.969358,0.924784,0.645622,0.661614,0.855384
-8004.81,0.965837,0.224277,4,31,0,8009.27,37632.9,6576.62,0.804428,0.956743,0.862005,0.6558,0.646745,0.872808
-8005.11,0.986472,0.224277,4,15,0,8006.89,36861.6,6200.81,0.8187,0.977673,0.910602,0.645474,0.629934,0.888506
-8008.92,0.955919,0.224277,4,15,0,8010.91,36462.1,6843.98,0.806198,0.993202,0.919273,0.66919,0.65222,0.864366
-8010.62,0.979166,0.224277,4,15,0,8013.51,35990.8,6284.36,0.879767,0.981928,0.938689,0.683342,0.675781,0.924671
-8010.28,0.995391,0.224277,4,15,0,8014.32,37419.7,7141.1,0.805266,0.957688,0.895323,0.673587,0.646292,0.92279
-8007.13,0.994674,0.224277,4,15,0,8014.58,38195.7,5931.08,0.77603,0.938911,0.870017,0.597753,0.620766,0.88601
-8008.51,0.84489,0.224277,4,15,0,8012.75,38246.5,6309.98,0.767712,0.89515,0.804258,0.625122,0.597186,0.810402
-8004.12,1,0.224277,3,7,0,8009.06,38725.5,6201.02,0.771881,0.927522,0.822766,0.625277,0.59623,0.834731
-8003.83,0.820861,0.224277,3,7,0,8008.26,38824.5,6216.88,0.749908,0.894874,0.839772,0.626335,0.595838,0.835859
-8003.84,0.962574,0.224277,3,7,0,8005.84,38922,6257.7,0.787306,0.916846,0.823885,0.608415,0.604479,0.868115
-8004.5,0.984743,0.224277,3,15,0,8007.59,39537.9,6343.25,0.773172,0.905266,0.846108,0.613442,0.594725,0.910043
-8004.82,0.972556,0.224277,4,31,0,8008.04,38343.4,6394.6,0.771376,0.927814,0.854568,0.6233,0.651909,0.880715
-8007.25,0.872594,0.224277,4,31,0,8011.12,37297.8,6591.24,0.819933,0.967342,0.915973,0.651873,0.607368,0.854749
-8008.06,0.978188,0.224277,4,15,0,8012.03,36373.2,6300.2,0.856645,0.970734,0.907648,0.653687,0.618593,0.883803
-8008.41,0.977092,0.224277,3,15,0,8012.26,36743.6,6249.18,0.860078,0.985878,0.906035,0.647534,0.622841,0.860025
-8007.42,0.978773,0.224277,3,15,0,8015.29,36494.7,6159.3,0.853685,0.984681,0.918565,0.652964,0.628274,0.852817
-8005.14,0.987531,0.224277,4,15,0,8011.22,37223.3,6651.02,0.826204,0.956612,0.907527,0.641136,0.652964,0.870843
-8006.96,0.721125,0.224277,3,15,0,8013.41,37312.6,6397.91,0.809817,0.962231,0.889417,0.628652,0.624567,0.922821
-8006.3,0.976365,0.224277,4,15,0,8010.43,37202,6355.37,0.812555,0.951997,0.893683,0.628198,0.632682,0.917456
-8003.59,0.994333,0.224277,4,15,0,8009.48,38390.6,6430.45,0.794635,0.931675,0.846747,0.637421,0.622162,0.907124
-8005.14,0.976928,0.224277,4,23,0,8007.58,37103.3,6448.02,0.820699,0.954626,0.927291,0.655873,0.645818,0.911091
-8006.12,0.948607,0.224277,3,15,0,8009.92,36562.3,6248.91,0.854546,0.967968,0.91065,0.645638,0.638837,0.852637
-8007.99,0.870881,0.224277,3,7,0,8011,37206.9,6322.92,0.847612,0.962686,0.877104,0.636024,0.65287,0.835288
-8007.78,0.944119,0.224277,3,15,0,8012.35,35862.3,6475.68,0.856546,0.97655,0.908989,0.648241,0.65438,0.853395
-8009.32,0.976387,0.224277,4,15,0,8011.69,36466.8,6293.55,0.805567,0.956965,0.914797,0.686134,0.65539,0.914446
-8009.8,0.956921,0.224277,4,23,0,8013.19,37881.7,6696,0.818906,0.972454,0.876663,0.612371,0.626107,0.857686
-8008.64,0.983604,0.224277,3,15,0,8012.87,37495.7,6485.46,0.827489,0.919884,0.872487,0.617409,0.614965,0.900586
-8007.02,0.996223,0.224277,4,31,0,8011.29,37902.9,6478.22,0.803393,0.968166,0.904239,0.652815,0.619499,0.918063
-8004.95,0.919758,0.224277,4,31,0,8010.38,38641,6516.95,0.786009,0.930337,0.86734,0.624917,0.636407,0.874747
-8005.23,0.930891,0.224277,3,15,0,8009.67,38910.2,6588.55,0.775457,0.925359,0.83291,0.628911,0.628782,0.902639
-8006.42,0.911064,0.224277,3,7,0,8009.46,39017.6,6470.1,0.785805,0.913775,0.879384,0.623764,0.590554,0.894091
-8004.5,0.997887,0.224277,3,15,0,8008.81,37972.3,6403.94,0.788701,0.946667,0.850327,0.618226,0.602616,0.84794
-8004.5,0.979981,0.224277,4,15,0,8008.45,38496.6,6141.92,0.773545,0.91886,0.844116,0.621363,0.617436,0.909212
-8004.17,0.895212,0.224277,4,15,0,8007.86,38364.7,5895.97,0.774354,0.912902,0.862584,0.632442,0.623174,0.878495
-8007.71,0.360124,0.224277,3,7,0,8013.39,38398.4,5730.96,0.782906,0.935251,0.8599,0.613598,0.604349,0.883749
-8007.56,0.998529,0.224277,4,31,0,8011.89,36737,6804.96,0.79898,0.962629,0.891998,0.6593,0.64377,0.842422
-8007.99,0.989374,0.224277,4,15,0,8009.74,37607.5,5890.13,0.817071,0.956511,0.89489,0.642712,0.634285,0.896572
-8006.65,0.995742,0.224277,4,15,0,8014.63,36009.6,6661.39,0.853559,0.98448,0.927782,0.690884,0.670446,0.873923
-8007.32,0.95936,0.224277,3,15,0,8011.64,36299,6538.24,0.818114,0.976294,0.923138,0.67686,0.685989,0.857019
-8007.86,0.806831,0.224277,3,7,0,8010.45,35946.9,6446.03,0.818108,0.976763,0.917072,0.678559,0.680437,0.879627
-8005.02,0.999802,0.224277,4,15,0,8009.24,36584,6600.47,0.842225,0.974036,0.913452,0.652826,0.635006,0.881952
-8008.28,0.930534,0.224277,3,7,0,8012.01,36808.3,6495.49,0.835993,0.989257,0.876724,0.682281,0.628005,0.882579
-8007.32,0.936844,0.224277,4,15,0,8010.32,37172.7,6318.35,0.807747,0.983787,0.85094,0.628579,0.638503,0.850107
-8009.07,0.973543,0.224277,3,15,0,8012.26,36645.2,6075.54,0.785512,0.970258,0.913998,0.634632,0.669821,0.817278
-8010.02,0.991901,0.224277,4,15,0,8013.13,36650.7,6789.85,0.857024,0.964936,0.921406,0.687282,0.61914,0.922642
-8006.73,0.962479,0.224277,4,15,0,8012.89,36491.6,6673.86,0.82473,0.975693,0.924701,0.648935,0.680354,0.890076
-8008.2,0.95783,0.224277,4,15,0,8009.53,36408.3,6626.7,0.803376,0.976785,0.934408,0.658104,0.681099,0.893767
-8006.04,1,0.224277,3,7,0,8009.29,36530,6706.71,0.831575,0.973662,0.941055,0.664833,0.658987,0.889044
-8004.58,0.94871,0.224277,4,23,0,8009.16,38134.4,5948.33,0.765887,0.904977,0.832125,0.639242,0.605163,0.840167
-8005.59,0.938245,0.224277,4,31,0,8011.85,37506.6,6177.87,0.790997,0.927854,0.870483,0.668443,0.613058,0.877505
-8007.6,0.90343,0.224277,4,15,0,8012.87,37029.3,6496.41,0.826071,0.948208,0.875026,0.649613,0.603374,0.890522
-8005.41,0.995635,0.224277,4,15,0,8009.23,37590.7,6214.29,0.789524,0.941242,0.885173,0.639278,0.662028,0.843666
-8005.86,0.969308,0.224277,4,31,0,8009.46,38054.6,6112.31,0.779191,0.947039,0.848477,0.62705,0.585575,0.81304
-8007.51,0.974344,0.224277,4,31,0,8011.63,37041.1,6571.89,0.795865,0.957822,0.905011,0.650044,0.665671,0.92695
-8008.8,0.986864,0.224277,4,31,0,8011.96,38422.4,6411.87,0.825088,0.904218,0.860083,0.631667,0.616894,0.934873
-8005.2,0.825039,0.224277,4,15,0,8012.49,38620.6,6425.5,0.756154,0.908626,0.876053,0.616201,0.630464,0.888747
-8007.62,0.818762,0.224277,4,15,0,8011.77,38725.3,6553.65,0.78086,0.925014,0.83284,0.639139,0.641719,0.931605
-8007.21,0.872933,0.224277,4,15,0,8014.21,36730.6,6336.3,0.790393,0.963946,0.911971,0.630021,0.609865,0.826697
-8009.45,0.921539,0.224277,4,31,0,8016.25,39592.5,5651.32,0.73347,0.910352,0.788574,0.619435,0.613577,0.841413
-8007.47,0.957016,0.224277,4,23,0,8017.11,38586,6751.04,0.812617,0.943635,0.856663,0.636642,0.6218,0.896946
-8005.28,1,0.224277,4,15,0,8009.36,37751,5804.03,0.780483,0.940282,0.854672,0.649498,0.615984,0.827277
-8012.16,0.899059,0.224277,3,7,0,8014.2,37356.9,5839.47,0.76886,0.93007,0.83802,0.629289,0.661328,0.762895
-8008.33,1,0.224277,4,15,0,8013.74,39951.8,6644.49,0.751102,0.898785,0.829085,0.622571,0.616325,0.938026
-8006.59,0.850456,0.224277,4,15,0,8013.69,36930.9,6229.62,0.794578,0.951012,0.90992,0.672245,0.649361,0.822574
-8008.25,0.988484,0.224277,4,15,0,8011.15,36746.5,6724.89,0.844563,0.973737,0.917495,0.646194,0.643455,0.936411
-8006.94,0.950954,0.224277,4,31,0,8011.9,37646.5,6548.76,0.810033,0.964054,0.912314,0.646517,0.625925,0.931825
-8009.32,0.938612,0.224277,4,31,0,8015.54,36602.4,6456.33,0.875521,0.972777,0.917279,0.672157,0.678037,0.919922
-8006.73,0.984795,0.224277,4,15,0,8012.27,36229.9,6449.24,0.815318,0.97483,0.938328,0.684367,0.669218,0.884191
-8005.07,0.997631,0.224277,4,31,0,8010.34,37787.6,6176.31,0.805662,0.957159,0.846768,0.62141,0.609153,0.834344
-8004.33,0.963318,0.224277,4,23,0,8008.19,37712.9,6198.68,0.791969,0.967363,0.874139,0.634711,0.60993,0.845257
-8006.6,0.948179,0.224277,4,15,0,8008.69,38845.1,6443.56,0.776608,0.903213,0.87807,0.593722,0.617423,0.884535
-8003.94,0.496108,0.224277,4,15,0,8011.42,38973,6513.01,0.765835,0.905356,0.857523,0.611523,0.613514,0.884253
-8005.19,0.723632,0.224277,4,15,0,8008.13,37736.3,6266.63,0.801456,0.947227,0.85877,0.630147,0.601163,0.892906
-8004.93,0.999149,0.224277,4,15,0,8007.49,38051.5,6301.61,0.771912,0.919979,0.879383,0.664901,0.62885,0.874382
-8006.68,0.991113,0.224277,4,15,0,8008.11,36627.8,6473.18,0.857802,0.981658,0.912591,0.638243,0.649244,0.868559
-8007.09,0.996498,0.224277,4,15,0,8009.38,36128.3,6642.33,0.82649,0.98914,0.923901,0.689351,0.654583,0.848248
-8005.46,0.997407,0.224277,4,15,0,8008.76,36805.3,6539.78,0.848033,0.96794,0.923433,0.648292,0.651799,0.903525
-8009.7,0.921043,0.224277,3,7,0,8011.09,36688.9,6696.84,0.871945,0.973275,0.900383,0.63204,0.650391,0.871208
-8009.18,0.994381,0.224277,4,31,0,8014.38,36084.7,6880.73,0.866047,0.985796,0.903474,0.671512,0.672141,0.879665
-8005.48,0.972465,0.224277,4,15,0,8011.43,36695.6,6215.64,0.828138,0.94582,0.911799,0.654786,0.627383,0.869935
-8003.9,0.873717,0.224277,4,15,0,8010.81,38266.6,6053.2,0.782002,0.933,0.859665,0.629957,0.607638,0.898474
-8002.93,0.980516,0.224277,3,7,0,8006.14,38390.7,6199.87,0.798613,0.921486,0.842089,0.635918,0.612524,0.862562
-8003.41,0.977627,0.224277,3,15,0,8004.44,38201.6,6179.96,0.797207,0.911542,0.853963,0.646147,0.610143,0.858167
-8004.06,0.912186,0.224277,3,7,0,8004.98,37826.2,6078.84,0.767332,0.950924,0.86154,0.64005,0.610142,0.866288
-8004.19,0.982413,0.224277,4,31,0,8007.1,37026.3,6414.12,0.829952,0.961386,0.889755,0.639356,0.642361,0.84505
-8005.24,0.965348,0.224277,4,23,0,8008.14,37467.2,6166.39,0.777016,0.965654,0.896581,0.626517,0.614587,0.84365
-8004.37,0.975716,0.224277,4,15,0,8008.85,37882.9,6474.97,0.792166,0.942207,0.864528,0.659564,0.605401,0.867064
-8004.92,0.949863,0.224277,4,15,0,8008.44,38297.3,6102.5,0.765858,0.929395,0.86894,0.607502,0.629055,0.890645
-8004.07,0.925758,0.224277,3,15,0,8008.99,37928.4,6375.51,0.807494,0.944219,0.849456,0.629374,0.609259,0.851605
-8005.21,0.893699,0.224277,4,15,0,8007.76,38662.4,6356.11,0.763498,0.902934,0.8652,0.638917,0.619465,0.91857
-8005.6,0.91491,0.224277,4,15,0,8008.87,39176.2,6454.32,0.762137,0.904067,0.851113,0.615956,0.604656,0.928713
-8008.61,0.863722,0.224277,4,15,0,8011.02,36975.4,5990.1,0.77419,0.96301,0.903367,0.6263,0.62475,0.778423
-8010.96,0.770438,0.224277,4,15,0,8018.38,37594.1,6289.54,0.838259,0.962023,0.874467,0.675853,0.607646,0.836158
-8004.12,0.872722,0.224277,3,7,0,8014.87,36655.9,6430.11,0.817144,0.958086,0.907363,0.663189,0.630998,0.864105
-8004.79,0.987377,0.224277,4,15,0,8006.17,36915.4,6426.03,0.837232,0.964315,0.916141,0.67463,0.650239,0.882022
-8003.2,0.996982,0.224277,4,23,0,8006.77,37741.5,6345.87,0.779224,0.934133,0.853316,0.630116,0.628498,0.859038
-8002.68,0.989848,0.224277,4,31,0,8005.16,37538.2,6376.29,0.808497,0.940041,0.892726,0.636359,0.629794,0.88113
-8003.59,0.945748,0.224277,3,15,0,8004.37,37324.2,6306.24,0.817026,0.967979,0.886088,0.636867,0.640431,0.883786
-8004.13,0.917613,0.224277,4,15,0,8006.11,37516.9,6215.19,0.780711,0.940735,0.876941,0.657151,0.638304,0.830886
-8007.76,0.739498,0.224277,3,15,0,8010.93,37681,6311.88,0.747208,0.956639,0.895851,0.637827,0.639412,0.842437
-8010.01,0.985561,0.224277,4,31,0,8015.48,36509,6610.86,0.863805,0.967928,0.917974,0.671356,0.605239,0.858073
-8010.07,0.989578,0.224277,4,15,0,8015.35,36220.2,6501.68,0.836606,0.983326,0.916837,0.713926,0.629894,0.850682
-8008.38,0.981396,0.224277,4,15,0,8012.61,37086.8,6665.1,0.832157,0.96172,0.892928,0.611429,0.653378,0.901092
-8008.89,0.950704,0.224277,4,23,0,8014.12,39296.2,6048.1,0.756563,0.880491,0.857438,0.647352,0.584064,0.849591
-8006.61,0.990664,0.224277,3,7,0,8012.34,39281.1,5956.71,0.772943,0.89968,0.808928,0.641061,0.581205,0.864191
-8006.96,0.963764,0.224277,2,3,0,8008.22,39188.4,6006.58,0.777654,0.889732,0.805751,0.63849,0.577864,0.856787
-8004.08,0.996028,0.224277,4,31,0,8010.31,38232.7,6619.7,0.79775,0.927533,0.866522,0.645231,0.625574,0.874504
-8003.11,0.985671,0.224277,4,15,0,8006.36,37337.8,6233.39,0.796082,0.957205,0.879723,0.627778,0.629324,0.841
# 
#  Elapsed Time: 13.726 seconds (Warm-up)
#                4.182 seconds (Sampling)
#                17.908 seconds (Total)
# 
