# stan_version_major = 2
# stan_version_minor = 30
# stan_version_patch = 0
# model = model_model
# start_datetime = 2024-11-23 21:47:12 UTC
# method = sample (Default)
#   sample
#     num_samples = 1000 (Default)
#     num_warmup = 1000 (Default)
#     save_warmup = 0 (Default)
#     thin = 1 (Default)
#     adapt
#       engaged = 1 (Default)
#       gamma = 0.050000000000000003 (Default)
#       delta = 0.80000000000000004 (Default)
#       kappa = 0.75 (Default)
#       t0 = 10 (Default)
#       init_buffer = 75 (Default)
#       term_buffer = 50 (Default)
#       window = 25 (Default)
#     algorithm = hmc (Default)
#       hmc
#         engine = nuts (Default)
#           nuts
#             max_depth = 10 (Default)
#         metric = diag_e (Default)
#         metric_file =  (Default)
#         stepsize = 1 (Default)
#         stepsize_jitter = 0 (Default)
#     num_chains = 1 (Default)
# id = 1 (Default)
# data
#   file = input/gene_13.json
# init = 2 (Default)
# random
#   seed = 1646776531 (Default)
# output
#   file = output/output_13.csv
#   diagnostic_file =  (Default)
#   refresh = 100 (Default)
#   sig_figs = -1 (Default)
#   profile_file = profile.csv (Default)
# num_threads = 1 (Default)
# stanc_version = stanc3 v2.30.1
# stancflags = 
lp__,accept_stat__,stepsize__,treedepth__,n_leapfrog__,divergent__,energy__,X,sigma,b.1,b.2,b.3,b.4,b.5,p_functional
# Adaptation terminated
# Step size = 0.218623
# Diagonal elements of inverse mass matrix:
# 145431, 0.00104085, 0.273986, 0.160889, 1.22541, 0.033652, 1.12967, 0.260774
-7609.66,0.743464,0.218623,4,15,0,7615.29,23186.5,4055.02,0.881514,0.850184,0.954981,0.712407,0.952268,0.642215
-7608.13,0.941908,0.218623,4,15,0,7612.85,23262,4161.27,0.873077,0.86308,0.92738,0.743167,0.910617,0.641565
-7605.47,0.939094,0.218623,3,11,0,7611.46,22772.7,3824.12,0.88934,0.878994,0.969728,0.751585,0.938839,0.624038
-7606.41,0.989584,0.218623,4,15,0,7607.24,22712.3,3795.24,0.90573,0.881814,0.975865,0.762678,0.930413,0.669207
-7607.27,0.918407,0.218623,4,15,0,7609.14,22536.1,4027.24,0.915712,0.883831,0.986552,0.726423,0.944981,0.542619
-7608.14,0.837913,0.218623,4,15,0,7613.75,22808.8,3913.93,0.90488,0.915264,0.978174,0.734628,0.916282,0.721291
-7610.8,0.988532,0.218623,3,7,0,7613.91,22897.1,3792.04,0.852256,0.92461,0.964775,0.765032,0.950583,0.702449
-7606.48,0.999364,0.218623,3,7,0,7612.29,22661.7,3920.22,0.913311,0.911271,0.977745,0.741157,0.921925,0.663738
-7606.15,0.995483,0.218623,4,15,0,7607.3,22656.9,4017.83,0.91679,0.877519,0.974034,0.778644,0.933298,0.620856
-7607.8,0.898012,0.218623,3,15,0,7608.79,22524.4,4019.55,0.903074,0.920725,0.99001,0.756287,0.97944,0.649657
-7612.08,0.88721,0.218623,4,15,0,7617.41,22072.9,4032.18,0.97475,0.906725,0.998071,0.753813,0.97708,0.674511
-7611.85,0.975242,0.218623,4,15,0,7619.2,22078.1,4057.32,0.96685,0.941749,0.998051,0.765406,0.952522,0.718459
-7610.65,0.99782,0.218623,3,15,0,7616.05,22286,4075.62,0.979818,0.912771,0.994978,0.754595,0.970617,0.638286
-7609.49,0.981976,0.218623,5,31,0,7613.86,22415.4,4091.12,0.924895,0.951745,0.992553,0.803339,0.972102,0.817579
-7607.71,0.977253,0.218623,4,15,0,7613.93,22451.5,4124.49,0.892114,0.88902,0.974734,0.72574,0.934451,0.558903
-7605.89,0.987445,0.218623,3,15,0,7609.49,22631.2,3871.37,0.919673,0.888074,0.958201,0.765967,0.938316,0.635159
-7606.88,0.941517,0.218623,3,15,0,7609.02,22816.8,3997.06,0.929633,0.898383,0.971038,0.744972,0.915792,0.658115
-7608.07,0.934957,0.218623,4,15,0,7611.16,22614.5,3973.93,0.940084,0.87486,0.973529,0.731763,0.926883,0.546177
-7606.55,0.955618,0.218623,3,7,0,7610.48,22428.4,4006.99,0.872845,0.890405,0.96671,0.758831,0.945585,0.555964
-7606.24,0.917418,0.218623,3,7,0,7608.73,22483.3,3968.89,0.935153,0.89625,0.973013,0.750505,0.943738,0.585956
-7605.46,0.996563,0.218623,4,15,0,7607.87,22849.4,3901.2,0.881195,0.884458,0.969673,0.740701,0.907053,0.646549
-7607.43,0.916246,0.218623,4,23,0,7610.79,23135.7,4149.15,0.915442,0.864149,0.947867,0.774154,0.912138,0.746647
-7609.86,0.899009,0.218623,4,15,0,7612.31,22967.7,4143.61,0.896235,0.913156,0.953545,0.795676,0.939153,0.912434
-7606.61,0.998661,0.218623,4,15,0,7611.13,22881.6,4084.15,0.897784,0.917742,0.969359,0.775561,0.95368,0.765838
-7607.39,0.946217,0.218623,3,15,0,7609.79,22392.6,4067.04,0.941138,0.890248,0.97631,0.788091,0.975872,0.706217
-7606.83,0.995092,0.218623,4,15,0,7608.18,22371.2,4059.97,0.950341,0.906703,0.977923,0.78647,0.968585,0.703402
-7608.61,0.962464,0.218623,4,15,0,7610.02,22464.2,3998.42,0.884521,0.919903,0.997878,0.773803,0.959869,0.618684
-7606.69,0.986883,0.218623,4,15,0,7611.25,22385.1,3942.14,0.887163,0.898148,0.99245,0.757676,0.94863,0.590863
-7607.23,0.940897,0.218623,4,31,0,7608.88,22634.8,3990.84,0.908904,0.892684,0.934403,0.743051,0.918844,0.651077
-7605.79,0.9989,0.218623,4,31,0,7608.7,22787.7,3977.27,0.9052,0.90013,0.939063,0.747869,0.92153,0.64456
-7608.24,0.911422,0.218623,4,15,0,7610.01,22133.8,4016.05,0.909051,0.885084,0.994141,0.744762,0.961103,0.524637
-7605.69,0.995633,0.218623,4,15,0,7610.57,22799.3,4044.31,0.90696,0.912897,0.97138,0.766714,0.926179,0.711096
-7605.93,0.896075,0.218623,3,7,0,7608.92,22983.4,4003.29,0.898238,0.879864,0.949191,0.777706,0.942013,0.672894
-7605.77,0.858625,0.218623,3,7,0,7609,22940.1,3990.09,0.888206,0.895861,0.966118,0.764617,0.93646,0.774242
-7606.5,0.963254,0.218623,4,31,0,7608.36,22728.5,4133.74,0.910676,0.896944,0.972584,0.7896,0.942968,0.667544
-7608.83,0.963763,0.218623,4,15,0,7610.69,22654.9,3915.08,0.916523,0.92287,0.962454,0.803183,0.949505,0.839569
-7607.57,0.988926,0.218623,3,15,0,7611.9,22554.2,3990.1,0.916516,0.865883,0.981039,0.792103,0.94219,0.606378
-7608.71,0.98337,0.218623,3,7,0,7610.36,22974.9,3968.41,0.885697,0.912911,0.985031,0.729297,0.920577,0.714846
-7609.67,0.754722,0.218623,3,15,0,7616.35,22325.1,3882.56,0.913914,0.903585,0.997979,0.791695,0.980257,0.67637
-7613.06,0.989301,0.218623,4,15,0,7613.72,22618.9,3995.34,0.888817,0.88305,0.99934,0.690182,0.961813,0.581846
-7610.56,0.992133,0.218623,4,31,0,7615.65,22057.1,4042.01,0.951086,0.935983,0.995494,0.843492,0.975057,0.721418
-7609.32,0.999625,0.218623,4,15,0,7611.8,22284.3,4050.92,0.946719,0.93585,0.990989,0.824982,0.98396,0.842174
-7613.42,0.944496,0.218623,3,7,0,7614.62,22199.4,4125.43,0.977226,0.923228,0.993654,0.823959,0.995527,0.878286
-7614.69,0.984951,0.218623,4,15,0,7617.38,22204.5,4174.22,0.983807,0.936222,0.982953,0.848087,0.997585,0.869412
-7610.14,0.930936,0.218623,4,15,0,7618.59,22146.2,4094.51,0.96111,0.930105,0.985843,0.807983,0.989265,0.823096
-7611.23,0.723977,0.218623,3,15,0,7619.79,22765.4,4177.75,0.944524,0.898761,0.973512,0.781894,0.989542,0.786644
-7611.86,0.968743,0.218623,5,31,0,7617.2,21863.9,3992.96,0.966184,0.882102,0.983046,0.767052,0.967292,0.580001
-7612.88,0.974782,0.218623,4,15,0,7617.82,22006.5,4109.24,0.936172,0.968568,0.960778,0.717265,0.947287,0.453212
-7610.87,0.995816,0.218623,4,31,0,7616.41,22117,4035.89,0.954695,0.965375,0.993333,0.830459,0.971641,0.81007
-7611.52,0.911487,0.218623,4,31,0,7615.95,22581.8,4247.86,0.944785,0.863864,0.957595,0.781104,0.977145,0.691966
-7613.04,0.809877,0.218623,4,31,0,7618.35,22017.6,3989.25,0.94931,0.976449,0.998595,0.816713,0.969997,0.662868
-7609.49,0.925399,0.218623,4,15,0,7617.82,22235.4,4219.41,0.953897,0.939963,0.978852,0.815047,0.98724,0.767846
-7611.88,0.903528,0.218623,4,15,0,7615.66,22265.6,3988.87,0.970844,0.91732,0.98381,0.831525,0.990582,0.828552
-7609.82,0.99104,0.218623,3,7,0,7613.22,22424.4,4105.38,0.96566,0.945129,0.985935,0.808674,0.942792,0.799384
-7614.65,0.975313,0.218623,4,15,0,7616.48,21879.4,4279.86,0.940636,0.981256,0.978134,0.827329,0.983541,0.770081
-7609.71,0.990761,0.218623,4,31,0,7616.51,22139,3936.83,0.941433,0.933397,0.997431,0.794819,0.958119,0.732386
-7608.54,0.950802,0.218623,4,15,0,7614.13,22333,4203.83,0.920725,0.909647,0.994772,0.763635,0.966585,0.609733
-7608.74,0.934777,0.218623,4,15,0,7611.91,22986.1,3853.1,0.894581,0.877358,0.980712,0.75249,0.959723,0.758444
-7608.95,0.955602,0.218623,3,7,0,7612.13,23086.5,3802.36,0.8487,0.843126,0.883399,0.725854,0.923189,0.535593
-7609.34,0.965546,0.218623,3,7,0,7611.25,23102.7,3766.4,0.844824,0.827218,0.945645,0.725296,0.849975,0.533004
-7612.14,0.861565,0.218623,2,3,0,7614.16,23162.4,3821.89,0.86052,0.814242,0.943182,0.727735,0.896905,0.47165
-7609.05,0.984931,0.218623,4,15,0,7614.66,22701.8,3868.31,0.869171,0.840826,0.945713,0.69362,0.914481,0.57304
-7613.26,0.737045,0.218623,3,7,0,7615.72,22676.5,3836.68,0.872239,0.848878,0.911774,0.687953,0.918078,0.611009
-7610.19,1,0.218623,2,3,0,7614.45,22893.4,3832.2,0.869981,0.872373,0.960951,0.722183,0.946653,0.485105
-7608.89,0.963778,0.218623,4,31,0,7612.93,23318.5,3861.5,0.873497,0.857805,0.926173,0.772184,0.953202,0.706119
-7606.53,0.792116,0.218623,4,15,0,7612.86,23444.9,3746.1,0.877759,0.852534,0.941015,0.732272,0.912416,0.716641
-7606.12,0.977343,0.218623,4,31,0,7608.82,22477.9,4026.6,0.914207,0.890813,0.989445,0.754104,0.95335,0.602758
-7608.31,0.954852,0.218623,3,7,0,7609.12,22049.1,4005.12,0.911716,0.907246,0.972353,0.74853,0.978779,0.499999
-7610.4,0.836804,0.218623,4,31,0,7617.05,22201.2,4047.22,0.943644,0.914564,0.998562,0.78246,0.994227,0.668265
-7609.27,0.986543,0.218623,4,15,0,7612.42,22335.8,4075.97,0.959676,0.919334,0.984278,0.793361,0.922064,0.624036
-7607.28,1,0.218623,4,15,0,7609.78,22208,4009.9,0.952821,0.914887,0.985002,0.786102,0.967235,0.613338
-7606.69,0.972798,0.218623,3,15,0,7611.92,22494.1,3940.06,0.945984,0.909662,0.976617,0.775308,0.957047,0.704943
-7606.75,0.85075,0.218623,3,7,0,7609.98,22313.4,4022.73,0.945634,0.926801,0.972935,0.776118,0.957311,0.67633
-7608.89,0.955377,0.218623,4,15,0,7611.09,22616.3,3875.68,0.840942,0.897905,0.991097,0.72474,0.924591,0.546049
-7610.75,0.842731,0.218623,3,7,0,7611.7,22526.6,3868.09,0.834784,0.899641,0.991452,0.717822,0.92286,0.580694
-7607.55,0.890306,0.218623,4,15,0,7615.78,22729.2,3839.43,0.863661,0.896888,0.986351,0.721448,0.915674,0.571535
-7607.48,0.880216,0.218623,4,15,0,7611.27,22437.7,3982.38,0.900152,0.900216,0.957397,0.761184,0.977586,0.542992
-7609.27,0.949457,0.218623,3,15,0,7611.05,22345.7,3941.63,0.965158,0.900877,0.988402,0.742897,0.934561,0.620549
-7607.77,0.980626,0.218623,3,15,0,7610.95,22506.4,4014.6,0.9467,0.915785,0.990113,0.752706,0.963787,0.68144
-7609.29,0.986246,0.218623,3,7,0,7610.31,22470.5,4013.19,0.958789,0.897587,0.99227,0.756727,0.918874,0.631131
-7609.71,0.930463,0.218623,4,15,0,7615.24,22799,3854.51,0.865402,0.896731,0.979867,0.776659,0.97512,0.653428
-7609.05,0.974306,0.218623,3,15,0,7611.59,22618.1,3866.9,0.913616,0.874866,0.936655,0.720438,0.892889,0.594952
-7609.59,1,0.218623,5,31,0,7613.21,22536,4154.95,0.959269,0.913654,0.972318,0.793579,0.976866,0.8389
-7609.86,0.985415,0.218623,4,31,0,7613.67,22344.2,3851.98,0.943963,0.907289,0.986131,0.711302,0.971245,0.55811
-7609.25,0.953436,0.218623,3,7,0,7612.84,22343,3942.26,0.928108,0.891021,0.987438,0.696052,0.933207,0.528748
-7608.87,0.916032,0.218623,3,7,0,7611.68,22398.7,3990.38,0.893105,0.87933,0.990326,0.705077,0.951648,0.463211
-7608.92,0.978475,0.218623,4,15,0,7612.2,22289.8,3846.18,0.923664,0.904701,0.986673,0.785405,0.974848,0.559779
-7608.83,0.96822,0.218623,4,15,0,7611.43,22106.6,4007.58,0.895446,0.909775,0.995213,0.767387,0.949072,0.587604
-7609.79,0.994884,0.218623,4,15,0,7612.91,22413.6,4179.22,0.96185,0.908351,0.967658,0.809871,0.981614,0.800068
-7608.04,0.99381,0.218623,4,15,0,7612.41,22414.4,4072.82,0.936506,0.927606,0.989945,0.77439,0.962035,0.784851
-7609.93,0.932947,0.218623,3,7,0,7613.11,22672.6,3933.09,0.94005,0.900744,0.992619,0.785114,0.978749,0.779184
-7608.96,0.939146,0.218623,3,7,0,7613.47,22222.5,4058.61,0.90317,0.920461,0.974742,0.785997,0.991694,0.664365
-7609.37,0.949292,0.218623,4,15,0,7612.9,22530.4,4005.52,0.914853,0.845607,0.962474,0.736867,0.978969,0.53289
-7607.66,0.951118,0.218623,3,7,0,7614.9,22866.1,4133.03,0.884625,0.917979,0.965425,0.740668,0.93196,0.659904
-7608.61,0.856292,0.218623,3,7,0,7610.72,22836.7,4138.63,0.890053,0.913969,0.957949,0.747606,0.893666,0.655331
-7606,1,0.218623,3,7,0,7609.02,22774.6,4078.21,0.893481,0.905182,0.955772,0.755434,0.941778,0.62665
-7606.76,0.849375,0.218623,3,15,0,7615.28,23074.6,3820.16,0.885674,0.866579,0.933816,0.715904,0.939888,0.617727
-7607.08,0.990362,0.218623,2,7,0,7608.19,23053.1,3822.13,0.893115,0.85911,0.940562,0.720736,0.946657,0.635582
-7606.76,0.904089,0.218623,4,19,0,7610.04,22630.1,4050.84,0.895077,0.895195,0.965728,0.763142,0.930158,0.730549
-7610.55,0.960915,0.218623,3,7,0,7612.96,22937.1,3869.5,0.908591,0.932091,0.954361,0.727908,0.945362,0.64523
-7610.98,0.998992,0.218623,4,15,0,7613.24,22198.2,4039.13,0.905118,0.852907,0.994463,0.781854,0.972716,0.486425
-7610.82,0.994528,0.218623,3,15,0,7616.69,21996.7,4165.44,0.960946,0.918071,0.990301,0.789722,0.930344,0.557294
-7610.82,0.865744,0.218623,4,15,0,7616.14,22480.7,4012.94,0.967771,0.876704,0.98353,0.793412,0.976915,0.650629
-7610.5,0.991308,0.218623,4,15,0,7613.75,22286,3983.21,0.893421,0.957976,0.985524,0.77319,0.979483,0.546778
-7614.76,0.979612,0.218623,4,31,0,7617.91,22211.4,4188.61,0.970131,0.98455,0.975262,0.754139,0.963114,0.571937
-7614.55,0.974846,0.218623,4,15,0,7619.65,21836.6,4040.75,0.916488,0.983572,0.972511,0.735199,0.967043,0.370075
-7611.23,0.987889,0.218623,4,15,0,7617.12,22332.8,4159.68,0.923735,0.972887,0.988014,0.760694,0.959736,0.649644
-7611.19,0.931591,0.218623,4,15,0,7614.72,21997.8,3889.62,0.931075,0.872681,0.979849,0.779505,0.978948,0.593051
-7606.68,0.979418,0.218623,3,15,0,7613.67,22730.6,4050.49,0.931353,0.893036,0.974198,0.752099,0.917549,0.664362
-7607.31,0.953347,0.218623,2,7,0,7610.04,22779.9,4141.67,0.866232,0.901989,0.958508,0.759855,0.943879,0.677143
-7608.75,0.947815,0.218623,4,23,0,7612.88,22625,4175.95,0.880717,0.88894,0.949789,0.794511,0.924735,0.632245
-7608.09,0.868062,0.218623,3,15,0,7613.66,22329.3,3822.86,0.908906,0.881841,0.981083,0.75037,0.979301,0.587299
-7609.19,0.926364,0.218623,4,15,0,7612.95,22120.6,4180.26,0.926725,0.937311,0.980349,0.768994,0.988423,0.611833
-7608.38,0.993362,0.218623,4,15,0,7610.21,22335.5,4069.9,0.937046,0.944698,0.984667,0.780881,0.984912,0.67101
-7610.2,0.949577,0.218623,3,7,0,7612.03,22358.7,4003.55,0.903469,0.945326,0.979845,0.806078,0.989931,0.675469
-7610.15,0.987634,0.218623,4,15,0,7612.66,22326.8,4009.99,0.920782,0.949466,0.979577,0.809645,0.990163,0.676425
-7610.44,0.960871,0.218623,3,7,0,7615.88,22257.9,4201.98,0.917048,0.939499,0.973894,0.789513,0.994408,0.633015
-7609.68,0.997084,0.218623,4,15,0,7611.6,22212.6,4154.65,0.902132,0.917599,0.978636,0.798167,0.992132,0.624647
-7608.23,0.996886,0.218623,3,7,0,7610.44,22522.2,4061.51,0.942281,0.914765,0.980044,0.76814,0.984991,0.717767
-7609.06,0.970257,0.218623,3,7,0,7612.25,22596,4131.74,0.920643,0.919847,0.95647,0.775631,0.90428,0.718859
-7608.7,0.976361,0.218623,4,15,0,7612.26,22409.1,3981.65,0.955556,0.928821,0.993432,0.762809,0.951978,0.618376
-7608.69,0.994598,0.218623,4,15,0,7609.8,22135.1,3927.13,0.945832,0.912536,0.991129,0.752825,0.969501,0.655326
-7608.11,0.99916,0.218623,4,15,0,7611.51,22740.7,4158.78,0.891693,0.901316,0.970468,0.809059,0.923795,0.772914
-7608.84,0.985878,0.218623,4,15,0,7610.02,22456.4,3975.24,0.936983,0.907425,0.98508,0.777102,0.951398,0.810164
-7609.45,0.996167,0.218623,4,15,0,7611.2,22711.1,4019.92,0.895825,0.882018,0.993185,0.724362,0.964834,0.550877
-7611.74,0.917989,0.218623,3,7,0,7612.43,22794.8,4032.78,0.889307,0.883324,0.993759,0.724405,0.964167,0.516684
-7609.2,0.958206,0.218623,4,15,0,7615.87,22728.2,3894.86,0.899797,0.848159,0.993935,0.76102,0.924464,0.68203
-7606.38,1,0.218623,3,15,0,7610.84,22624.8,3858.61,0.897378,0.885996,0.99079,0.757601,0.942425,0.621481
-7609.91,0.899569,0.218623,3,7,0,7611.85,22838.1,3964.55,0.880769,0.834667,0.990417,0.781191,0.925921,0.617737
-7610.42,0.762806,0.218623,4,15,0,7618.48,22513.1,3888.98,0.93531,0.929789,0.951022,0.791927,0.979114,0.768584
-7608.41,0.99997,0.218623,4,23,0,7612.38,22234.4,4012.79,0.951742,0.925937,0.994024,0.810089,0.973318,0.779329
-7608.19,0.988366,0.218623,4,15,0,7610.6,22243.7,4084.33,0.908065,0.931505,0.996431,0.761702,0.964789,0.611142
-7607.34,0.990671,0.218623,4,15,0,7609.61,22205.7,4006.39,0.913904,0.916749,0.988364,0.761873,0.981604,0.564727
-7607.64,0.979669,0.218623,4,15,0,7609.54,22356.7,3979.26,0.925709,0.90328,0.985491,0.789644,0.98595,0.640565
-7610.63,0.950925,0.218623,3,15,0,7613.77,22280.2,3917.34,0.927493,0.89188,0.998816,0.756748,0.923572,0.484557
-7609.05,0.868796,0.218623,3,7,0,7613.09,22263.8,3929.31,0.919723,0.903287,0.997917,0.723117,0.964719,0.566858
-7608.54,0.975333,0.218623,4,15,0,7612.91,22304.6,3932.84,0.889177,0.869289,0.96152,0.74847,0.983407,0.513942
-7608.87,0.970728,0.218623,3,7,0,7609.78,22336,3918.84,0.885467,0.877936,0.974912,0.739541,0.980018,0.456337
-7608.57,0.992459,0.218623,4,15,0,7611.12,22679.5,3946.84,0.925437,0.913436,0.995521,0.75304,0.944777,0.624112
-7610.34,0.9995,0.218623,4,15,0,7612.51,22188.4,4097.58,0.928049,0.918432,0.998207,0.776946,0.987229,0.537029
-7609.32,0.999498,0.218623,4,15,0,7612.66,22304.2,4220.86,0.940294,0.905456,0.995724,0.799684,0.947019,0.734836
-7610.48,0.962721,0.218623,4,15,0,7612.69,22418.8,4184.85,0.954324,0.890434,0.997141,0.794064,0.934583,0.714153
-7609.12,0.94794,0.218623,4,15,0,7613.74,22181.6,3828.04,0.902477,0.936168,0.989222,0.772332,0.965284,0.598662
-7610.25,0.808759,0.218623,4,15,0,7613.77,23011,4294.73,0.931291,0.905084,0.9593,0.798917,0.964643,0.831894
-7607.28,0.992697,0.218623,2,7,0,7613.49,22744.9,4172.17,0.911786,0.918657,0.970702,0.791176,0.960773,0.820228
-7611.37,0.881751,0.218623,4,15,0,7614.72,22618.6,4291.26,0.912087,0.920782,0.936528,0.818154,0.959318,0.727075
-7610.45,0.999246,0.218623,4,15,0,7614.91,22323.6,4010.8,0.962819,0.92875,0.999114,0.795021,0.970033,0.760569
-7610.41,0.921426,0.218623,3,15,0,7614.72,22200.2,4211.62,0.96294,0.918192,0.996704,0.81589,0.956582,0.792596
-7606.87,0.972416,0.218623,4,31,0,7612.95,22446.1,4141.96,0.89762,0.91019,0.972039,0.763414,0.963079,0.604347
-7607.37,0.971123,0.218623,4,15,0,7609.6,22506.1,3881.04,0.91263,0.920537,0.98938,0.787229,0.941609,0.656954
-7610.78,0.97585,0.218623,3,15,0,7613.87,22485.7,4241.14,0.929956,0.893979,0.998499,0.794069,0.970066,0.767555
-7611.36,0.99743,0.218623,4,15,0,7613.99,22044.1,3902.26,0.947163,0.952409,0.998566,0.803112,0.964805,0.671855
-7606.48,0.984051,0.218623,4,15,0,7612.93,22799.1,4123.63,0.886421,0.880832,0.964769,0.742728,0.941466,0.61882
-7605.63,0.980079,0.218623,3,7,0,7607.91,22766.2,3993.29,0.894595,0.897884,0.977815,0.739634,0.928323,0.629506
-7607.9,0.94248,0.218623,3,15,0,7610.88,23129.1,4151.09,0.884614,0.865391,0.972336,0.753728,0.936433,0.764021
-7606.52,0.989957,0.218623,5,31,0,7609.9,23055,3745.82,0.841418,0.862613,0.936163,0.733169,0.903486,0.563219
-7607.42,0.849138,0.218623,3,15,0,7610.87,22898.3,3844.85,0.878499,0.844969,0.915472,0.717712,0.892746,0.581898
-7607.06,0.986783,0.218623,4,23,0,7611.23,22633.1,4101.37,0.929688,0.920727,0.978608,0.804292,0.946883,0.842342
-7609.36,0.959741,0.218623,4,31,0,7610.2,22526.2,3932.22,0.873238,0.869399,0.993781,0.722728,0.949044,0.459082
-7612.7,0.983388,0.218623,4,31,0,7618.09,23026.2,4312.74,0.926356,0.907939,0.920214,0.763771,0.952634,0.719674
-7616.96,0.706222,0.218623,4,15,0,7619.15,22000.7,3649,0.908544,0.931311,0.99824,0.746157,0.959572,0.600284
-7610.06,0.974568,0.218623,4,15,0,7619.76,22623,4278.88,0.900407,0.890182,0.944124,0.756572,0.940916,0.701595
-7608.83,0.846018,0.218623,3,15,0,7615.35,22302.3,3973.48,0.918012,0.944646,0.996924,0.782584,0.970424,0.695119
-7608.26,0.978683,0.218623,4,15,0,7613.2,22545.6,4107.58,0.943276,0.892342,0.99149,0.808844,0.96297,0.78421
-7609.06,0.967275,0.218623,4,23,0,7611.69,22657.4,4140.73,0.939978,0.880726,0.990733,0.795817,0.949961,0.66742
-7610.44,0.987873,0.218623,3,15,0,7613.54,22324.5,3860.41,0.929146,0.93748,0.971067,0.75507,0.9657,0.736088
-7607.73,0.972907,0.218623,3,15,0,7613.49,22582.4,3946.85,0.906098,0.918426,0.955715,0.783062,0.978599,0.691769
-7612.32,0.559219,0.218623,4,15,0,7621.91,22927.7,3869.07,0.82615,0.814197,0.931649,0.738236,0.961182,0.50661
-7607.64,0.97284,0.218623,4,15,0,7617.08,22175,3948.44,0.937169,0.922887,0.984953,0.777555,0.984567,0.635112
-7609.6,0.938234,0.218623,4,15,0,7611.61,22423.2,4180.29,0.955147,0.924452,0.991255,0.788772,0.926119,0.742443
-7610.96,0.967499,0.218623,4,15,0,7616.86,21994.5,3998.96,0.928919,0.885155,0.984834,0.810632,0.982515,0.53099
-7610.28,0.994626,0.218623,3,15,0,7612.97,22033.5,4023.24,0.926837,0.890442,0.988504,0.811978,0.976297,0.539693
-7611.88,0.996082,0.218623,4,15,0,7613.6,21942.9,4002.99,0.933608,0.905386,0.993899,0.818913,0.983732,0.515421
-7609.06,0.985066,0.218623,4,15,0,7614.5,22690.4,4016.74,0.928942,0.909396,0.965504,0.740085,0.97698,0.735222
-7608.95,0.988723,0.218623,4,15,0,7611.05,22113.2,3970.16,0.898066,0.904969,0.983997,0.800375,0.957426,0.550638
-7608.82,0.997183,0.218623,4,31,0,7611.45,22162.8,3937.07,0.88832,0.898418,0.98127,0.793622,0.961279,0.542176
-7611.46,0.83064,0.218623,4,15,0,7614.21,22824.1,3990.96,0.927782,0.902995,0.980998,0.709233,0.959903,0.576264
-7614.34,0.971069,0.218623,4,15,0,7618.84,21777.5,3970.99,0.952561,0.938699,0.995795,0.773379,0.973408,0.36963
-7608.57,1,0.218623,4,15,0,7618.97,22843.7,4212,0.933722,0.914606,0.959226,0.798219,0.965766,0.797518
-7607.93,0.984612,0.218623,4,15,0,7611.38,22843.8,3858.24,0.887216,0.916859,0.984221,0.765265,0.940884,0.659151
-7607.77,0.998708,0.218623,4,15,0,7609.67,22355.7,3862.36,0.911351,0.867324,0.950957,0.75157,0.944355,0.564559
-7609.6,1,0.218623,4,15,0,7611.32,22700.8,4265.4,0.95319,0.908332,0.976354,0.803531,0.957737,0.872406
-7607.45,0.907837,0.218623,4,15,0,7618.44,23271.5,4099.27,0.893792,0.880822,0.911372,0.752836,0.90357,0.706428
-7608.12,0.823505,0.218623,3,15,0,7611.48,22796.6,3870.33,0.895025,0.893311,0.979314,0.793343,0.926536,0.785741
-7609.39,0.899859,0.218623,3,15,0,7612.58,22962.8,3873.44,0.916799,0.919678,0.986372,0.773468,0.937522,0.753577
-7610.32,0.993782,0.218623,4,15,0,7613.08,22211.4,4211.78,0.893774,0.909377,0.970444,0.744082,0.983781,0.570918
-7606.9,0.98063,0.218623,3,7,0,7611.3,22375.9,4084.07,0.92828,0.892592,0.973597,0.780005,0.967877,0.590736
-7607.61,0.966924,0.218623,3,7,0,7611.44,22656.5,4121.68,0.880969,0.899625,0.963891,0.745783,0.967355,0.597999
-7610.38,0.957359,0.218623,3,7,0,7611.55,22599.6,4142.96,0.851039,0.893226,0.951434,0.766365,0.976976,0.596271
-7606.69,0.902608,0.218623,3,7,0,7613.52,22690.7,4074.44,0.897314,0.909846,0.956571,0.759203,0.930461,0.583047
-7606.9,0.885096,0.218623,3,7,0,7613.6,22386.7,3962.87,0.92211,0.939068,0.984103,0.776169,0.955374,0.670758
-7607.75,0.956758,0.218623,4,23,0,7610.74,23334.9,4014.78,0.870479,0.897606,0.940158,0.720178,0.897173,0.708313
-7607.1,0.831112,0.218623,3,7,0,7611.16,23223.7,4062,0.86281,0.895678,0.925038,0.753051,0.931123,0.699309
-7606.64,0.999065,0.218623,3,7,0,7608.07,22987.6,4017.52,0.918237,0.869158,0.975704,0.759862,0.938311,0.716131
-7608.8,0.89776,0.218623,3,15,0,7611.93,22837.5,4176.68,0.893575,0.927218,0.946724,0.783951,0.932081,0.801213
-7607.13,0.888643,0.218623,3,15,0,7612.09,23050.4,4121.62,0.907874,0.897539,0.959196,0.806938,0.948231,0.820886
-7607.88,0.927943,0.218623,4,23,0,7611.49,22786.8,4091.65,0.885448,0.891837,0.94674,0.787822,0.959236,0.777761
-7609.93,0.844964,0.218623,4,31,0,7615.85,22796.6,4090.41,0.93594,0.909309,0.986034,0.825843,0.932269,0.909104
-7609.92,0.97097,0.218623,3,15,0,7612.03,22834.6,4166.31,0.911967,0.905891,0.990345,0.794354,0.967704,0.878064
-7609.31,0.927321,0.218623,4,31,0,7613.2,21985.4,4086.94,0.961907,0.93266,0.981642,0.81969,0.966223,0.694451
-7610.71,0.903698,0.218623,4,15,0,7614.07,22191.4,4108.09,0.920024,0.926046,0.98814,0.805226,0.974519,0.8344
-7614.86,0.922691,0.218623,5,31,0,7617.58,21629.6,4154.16,0.988497,0.957327,0.995338,0.804531,0.971048,0.71078
-7611.94,0.998973,0.218623,4,15,0,7615.85,21826.9,4087.13,0.988594,0.958276,0.992667,0.805909,0.981387,0.688367
-7614.75,0.963427,0.218623,4,31,0,7619.2,22042.6,4045.06,0.998272,0.942098,0.998502,0.777448,0.962913,0.640959
-7616.7,0.961706,0.218623,3,7,0,7617.29,22158.9,4002.12,0.998177,0.950715,0.998216,0.767994,0.934167,0.597617
-7616.95,0.996083,0.218623,4,31,0,7620.86,21743.1,4102.32,0.999469,0.921045,0.989465,0.820095,0.993947,0.60131
-7621.37,0.960925,0.218623,5,31,0,7627.87,22041.3,3780.88,0.99586,0.924234,0.960625,0.745449,0.992823,0.694586
-7620.81,0.965648,0.218623,4,15,0,7627.88,22104.7,4245.59,0.9908,0.938399,0.996484,0.771141,0.929371,0.353072
-7611.47,0.976168,0.218623,4,15,0,7625.02,22199.9,3792.04,0.924212,0.922006,0.960301,0.765895,0.992912,0.616598
-7612.95,0.907664,0.218623,4,15,0,7617.01,22172.8,3779.16,0.907978,0.912769,0.96402,0.771897,0.994289,0.657785
-7612.14,0.966951,0.218623,4,15,0,7615.51,22436.8,4171.61,0.917952,0.891506,0.975138,0.761298,0.901826,0.722768
-7608.83,0.963263,0.218623,4,15,0,7617.25,23169,4033.9,0.843396,0.864272,0.942165,0.744524,0.951448,0.724066
-7605.26,0.988758,0.218623,4,15,0,7609.8,22855.8,3864.48,0.893124,0.87196,0.967187,0.737643,0.923127,0.610342
-7606.21,0.921704,0.218623,4,31,0,7608.34,22565.6,4039.83,0.904644,0.91006,0.98129,0.764257,0.969357,0.687816
-7607.59,0.94501,0.218623,3,15,0,7609.91,22502,3939.19,0.927948,0.914662,0.995226,0.744786,0.948087,0.650466
-7607.14,0.979897,0.218623,3,7,0,7608.79,22603.7,3932.05,0.920552,0.88929,0.995141,0.761011,0.928608,0.640896
-7609.92,0.905482,0.218623,4,15,0,7613.1,22291.8,3970.71,0.948378,0.891479,0.996145,0.713641,0.960881,0.553661
-7610.31,0.935362,0.218623,4,15,0,7615.64,22187.9,4114.84,0.901577,0.931233,0.98215,0.820663,0.987373,0.628139
-7611.99,0.874005,0.218623,3,15,0,7619.02,22169.4,4080.64,0.893984,0.931151,0.966103,0.824992,0.989723,0.691423
-7610.37,0.969759,0.218623,3,15,0,7616.11,22057.1,4020.81,0.948721,0.918781,0.994629,0.81696,0.968041,0.55765
-7608.22,0.941187,0.218623,4,31,0,7614.03,23334.4,4090.97,0.893306,0.900188,0.913644,0.772768,0.931159,0.787524
-7609.01,0.987245,0.218623,4,15,0,7613.13,23338.7,3906.7,0.905111,0.90609,0.959654,0.749841,0.90734,0.803762
-7611.15,0.915266,0.218623,3,7,0,7612.99,22955,4079.88,0.922503,0.843445,0.920054,0.770205,0.904358,0.579988
-7607.67,0.992597,0.218623,3,7,0,7613.21,22957.4,4009.86,0.924695,0.863415,0.959362,0.776528,0.918253,0.649424
-7607.35,0.986373,0.218623,3,7,0,7609.29,22945.5,4062.93,0.884824,0.906687,0.965714,0.762139,0.953974,0.791419
-7607.89,0.831891,0.218623,3,15,0,7612.93,22392.2,3990.38,0.916781,0.895221,0.966997,0.797187,0.971868,0.740453
-7607.68,0.9935,0.218623,4,31,0,7609.53,22788.8,3984.53,0.894625,0.897097,0.991027,0.777465,0.904812,0.672486
-7606.97,0.988412,0.218623,4,15,0,7611.5,22417.9,3937.77,0.90075,0.899991,0.968534,0.717894,0.963535,0.544415
-7608.58,0.944281,0.218623,3,15,0,7612.75,22512.9,3918.28,0.917287,0.94137,0.991639,0.757193,0.949097,0.701542
-7608.02,0.99827,0.218623,4,15,0,7609.78,22201.9,4142.38,0.935256,0.890391,0.990967,0.782961,0.961854,0.609999
-7608.63,0.957786,0.218623,4,15,0,7613.05,23305.7,4016.23,0.878959,0.899964,0.914324,0.772858,0.916698,0.828699
-7607.46,0.392165,0.218623,4,15,0,7613.46,22786.1,3925.47,0.902689,0.869007,0.995046,0.760719,0.928672,0.651156
-7609.36,0.867615,0.218623,4,15,0,7612.7,22675.4,3793.2,0.903583,0.882398,0.995631,0.753317,0.901532,0.639161
-7608.12,0.977582,0.218623,4,23,0,7611.36,22535.4,3847.7,0.898229,0.86988,0.996289,0.76539,0.931685,0.608349
-7608.51,0.899491,0.218623,3,15,0,7614.39,22436.8,3873.49,0.927519,0.915812,0.99157,0.788966,0.979618,0.706786
-7607.62,0.986383,0.218623,4,31,0,7612.96,23001.1,3972.41,0.880434,0.875311,0.936492,0.770936,0.947201,0.604947
-7607.73,0.980182,0.218623,4,31,0,7609.98,22910.8,3971.8,0.899616,0.890505,0.967427,0.757996,0.918724,0.805009
-7609.95,0.809868,0.218623,4,31,0,7613.34,22754.7,4024.08,0.925271,0.900382,0.96441,0.78723,0.968042,0.599972
-7610.09,0.98402,0.218623,4,15,0,7614.76,22235.2,3945.28,0.869942,0.887209,0.995042,0.747918,0.921577,0.560661
-7610.02,0.993694,0.218623,4,31,0,7614.65,22232.8,4018.37,0.932889,0.918343,0.999073,0.766834,0.97532,0.715926
-7609.91,0.997556,0.218623,4,15,0,7612.17,22299.5,4043.76,0.933371,0.919258,0.999181,0.757207,0.970747,0.700919
-7613.51,0.88819,0.218623,3,7,0,7618.25,22921.5,3987.08,0.885338,0.860455,0.999524,0.793427,0.952978,0.767023
-7613.11,0.926005,0.218623,4,15,0,7618.66,21704.9,3965.91,0.917061,0.888292,0.983629,0.760039,0.989599,0.423099
-7608.57,0.988371,0.218623,4,15,0,7615.27,22761.8,4110.53,0.951421,0.915194,0.964721,0.76919,0.941536,0.801777
-7608.01,0.994614,0.218623,4,15,0,7613.57,22443.5,4092.82,0.947553,0.927306,0.958883,0.768298,0.946635,0.60632
-7608.71,0.985466,0.218623,4,15,0,7610.59,22737.4,3833.48,0.864396,0.882798,0.99013,0.754296,0.967013,0.621854
-7608.38,0.983618,0.218623,3,15,0,7612.4,22464.6,4070.73,0.9316,0.86764,0.955112,0.775505,0.921553,0.619053
-7607.82,0.988137,0.218623,4,15,0,7610.49,22612.7,4078.83,0.892397,0.900176,0.991297,0.734959,0.95902,0.652936
-7609.19,0.973965,0.218623,3,7,0,7610.62,22567.7,3948.26,0.904691,0.870591,0.921206,0.780794,0.918913,0.55457
-7608.14,0.997294,0.218623,3,15,0,7614.57,22638.2,4137.54,0.930364,0.907625,0.993511,0.799096,0.9651,0.820973
-7610.95,0.980283,0.218623,4,15,0,7613.11,22841.8,3966.72,0.901009,0.904832,0.997804,0.797955,0.962806,0.827634
-7609.03,0.983547,0.218623,4,15,0,7612.35,22691.7,3981.58,0.915509,0.902497,0.998092,0.800639,0.958978,0.75028
-7609.68,0.944774,0.218623,3,15,0,7613.98,22179.6,3895.2,0.931342,0.906801,0.991077,0.808475,0.968388,0.575919
-7612.05,0.982352,0.218623,4,15,0,7614.51,22816.7,4343.55,0.922144,0.922629,0.952738,0.770298,0.971563,0.819052
-7607.5,0.861647,0.218623,3,7,0,7616.59,22519.6,4172.91,0.914512,0.890903,0.981528,0.795776,0.931589,0.702428
-7609.52,0.992332,0.218623,4,31,0,7611.18,22298.1,3963,0.94849,0.93032,0.998024,0.79074,0.979945,0.743377
-7611.02,0.920084,0.218623,3,15,0,7617.15,22855.1,4169,0.937608,0.86841,0.994792,0.768913,0.931509,0.770565
-7608.28,0.952965,0.218623,4,15,0,7614.08,22202.6,4011.81,0.92473,0.935962,0.994309,0.796436,0.97552,0.612606
-7613.8,0.842729,0.218623,3,7,0,7615.86,21793.1,4203.52,0.8864,0.919275,0.995548,0.791974,0.976287,0.507272
-7614.21,0.990842,0.218623,4,15,0,7621.67,22558.5,3763.56,0.944764,0.943997,0.96871,0.723764,0.968667,0.645906
-7612.24,0.999723,0.218623,4,15,0,7617.64,22654.6,4206.43,0.886986,0.849281,0.986417,0.812733,0.944689,0.650137
-7609.95,1,0.218623,4,15,0,7615.35,22686.4,3964.78,0.9163,0.92651,0.969229,0.6986,0.933749,0.614859
-7609.74,1,0.218623,3,15,0,7612.24,22631.8,3987.38,0.903606,0.93069,0.972808,0.698708,0.939461,0.589628
-7609.39,0.947157,0.218623,4,31,0,7612.97,22276.5,4056.6,0.9555,0.949161,0.970734,0.782485,0.952722,0.756219
-7607.81,0.943731,0.218623,4,15,0,7611.84,22345.4,3953.67,0.919548,0.875717,0.99137,0.786648,0.96737,0.642375
-7612.48,0.871364,0.218623,3,15,0,7617.7,23064.6,3808.04,0.89878,0.915475,0.990988,0.727163,0.934199,0.735104
-7614.61,0.93279,0.218623,4,15,0,7621.72,23202.2,3962.83,0.905374,0.931485,0.983814,0.740203,0.909626,0.826545
-7616.79,0.909836,0.218623,4,15,0,7621.36,23273.9,4157.05,0.934722,0.831535,0.940304,0.808712,0.914024,0.688072
-7606.45,0.978118,0.218623,3,7,0,7618.78,23227.5,4073.43,0.878043,0.874021,0.958373,0.780985,0.920449,0.808181
-7606.9,0.947719,0.218623,3,7,0,7609.06,23183.9,4066.52,0.89238,0.89833,0.954901,0.75887,0.939656,0.821187
-7606.77,0.930882,0.218623,4,31,0,7610.16,23620.5,3973.18,0.85106,0.82654,0.913224,0.746103,0.896634,0.706099
-7606.65,0.92778,0.218623,4,15,0,7609.77,22358,3876.59,0.918903,0.916387,0.970539,0.750217,0.944038,0.605141
-7607.75,0.953319,0.218623,3,7,0,7610.64,22370.3,3859.97,0.934824,0.917096,0.958284,0.746582,0.947984,0.60929
-7606.32,0.967072,0.218623,3,15,0,7611.19,22534.8,4057.37,0.922177,0.910029,0.9755,0.8015,0.968493,0.730445
-7608.24,0.937529,0.218623,3,7,0,7609.67,22779.5,4016.96,0.904221,0.90661,0.944859,0.789317,0.976782,0.755253
-7606.54,0.990971,0.218623,3,7,0,7609.66,22588.5,4014.01,0.913452,0.909658,0.968698,0.777639,0.964407,0.770296
-7606.54,0.929073,0.218623,3,15,0,7610.68,22530.1,4021.34,0.904124,0.917975,0.990181,0.778996,0.961743,0.713386
-7607.33,0.981845,0.218623,4,15,0,7608.24,22334.3,4041.92,0.938495,0.908234,0.994477,0.783758,0.967723,0.62268
-7608.06,0.993849,0.218623,3,7,0,7608.75,22257.9,4071.64,0.950447,0.907644,0.989686,0.768186,0.979736,0.692076
-7608.66,0.984791,0.218623,4,15,0,7610.61,22204.2,3870.18,0.887979,0.908557,0.972357,0.767604,0.982078,0.575018
-7606.76,0.806839,0.218623,4,15,0,7613.45,22761.7,4012.06,0.923319,0.877376,0.980095,0.742391,0.950471,0.683356
-7607.36,0.966604,0.218623,4,15,0,7612.31,23265.5,3698.37,0.851515,0.84749,0.95715,0.748889,0.910774,0.657412
-7608.49,0.855271,0.218623,4,15,0,7611.29,22549.2,4148.95,0.903449,0.918444,0.986106,0.733184,0.924467,0.616784
-7610.4,0.813143,0.218623,4,15,0,7612.33,22365.2,3981.09,0.943987,0.918588,0.996149,0.808472,0.992742,0.751452
-7613.69,0.836705,0.218623,3,7,0,7619.5,22495,3793.91,0.941627,0.888127,0.995572,0.784652,0.952584,0.812308
-7609.45,0.978615,0.218623,4,15,0,7619.49,22780.2,3977.82,0.856505,0.881588,0.93838,0.782889,0.964627,0.581386
-7607.24,0.973522,0.218623,4,15,0,7612.85,22634.9,4034.83,0.868734,0.861295,0.963888,0.760589,0.912038,0.580911
-7607.59,0.948836,0.218623,4,15,0,7611.57,23493,3839.69,0.870873,0.878258,0.943492,0.75122,0.869819,0.735223
-7606.71,0.995942,0.218623,4,15,0,7610.28,23276.9,4086.66,0.894325,0.886806,0.95861,0.755611,0.92366,0.721789
-7606.79,0.961932,0.218623,3,7,0,7609.94,23072.6,3880.63,0.880313,0.896234,0.925754,0.768595,0.941362,0.705298
-7606.95,0.916084,0.218623,3,15,0,7610.97,23147.3,3840.1,0.884893,0.901092,0.928846,0.762063,0.901828,0.71221
-7607.55,0.924529,0.218623,3,7,0,7610.56,23120.1,3802.1,0.880551,0.832507,0.970691,0.740927,0.91594,0.665585
-7607.34,0.99808,0.218623,4,15,0,7610.12,22636,3762.48,0.856694,0.883827,0.969229,0.724761,0.922682,0.519267
-7606.18,0.940217,0.218623,4,15,0,7609.63,22883.9,3839.35,0.854315,0.878882,0.95289,0.727744,0.942049,0.622478
-7609.42,0.893832,0.218623,4,31,0,7612.68,22442.5,4079.43,0.947799,0.931972,0.990213,0.838007,0.973816,0.820667
-7611.15,0.987161,0.218623,4,15,0,7612.81,22441.2,4205.9,0.954678,0.939922,0.983399,0.815999,0.990813,0.876025
-7610.46,0.986152,0.218623,4,15,0,7613.13,22381,4226.9,0.951758,0.939968,0.979896,0.819954,0.986914,0.876598
-7611.37,0.942186,0.218623,3,7,0,7613.72,22335.7,4225.08,0.948109,0.939858,0.965991,0.820912,0.988721,0.872046
-7612.21,0.995512,0.218623,4,15,0,7614.53,22381.7,4170.43,0.941919,0.966772,0.99436,0.825228,0.951999,0.877112
-7612.21,0.665774,0.218623,2,3,0,7617.49,22381.7,4170.43,0.941919,0.966772,0.99436,0.825228,0.951999,0.877112
-7613.42,0.954648,0.218623,4,31,0,7620.77,22606.6,3887.82,0.821774,0.809899,0.98014,0.760489,0.908916,0.464069
-7608.44,0.984059,0.218623,4,15,0,7614.89,22902.8,3944.79,0.921515,0.909574,0.938362,0.734823,0.941857,0.739823
-7608.45,0.799587,0.218623,3,7,0,7615.26,22890.9,3941.48,0.929635,0.909989,0.948921,0.756013,0.899937,0.719353
-7609,0.986642,0.218623,4,15,0,7612.6,23382,4037.15,0.852036,0.859493,0.942337,0.778156,0.902531,0.647124
-7609.99,0.837478,0.218623,3,7,0,7612.48,23244.9,4034.66,0.865164,0.852931,0.894965,0.769207,0.945858,0.682798
-7605.99,0.593148,0.218623,3,7,0,7613.96,23228.4,4008.77,0.866619,0.867565,0.939538,0.77097,0.897963,0.6877
-7607.45,0.920657,0.218623,3,15,0,7608.59,23217.6,4036.89,0.870257,0.860744,0.942996,0.78955,0.907037,0.687615
-7610.52,0.311432,0.218623,4,15,0,7618.65,21858.6,4051.07,0.941243,0.96829,0.990618,0.78584,0.973098,0.612194
-7616.61,0.863539,0.218623,3,7,0,7620.69,22379.8,4220.18,0.983243,0.971157,0.972476,0.757553,0.981093,0.624928
-7617.69,0.939586,0.218623,3,7,0,7620.83,22398,4241.85,0.983184,0.971199,0.981798,0.767238,0.98396,0.595902
-7614.61,0.99507,0.218623,3,15,0,7622.85,21971.2,4286.35,0.930765,0.950598,0.964729,0.807528,0.949158,0.754165
-7614.52,1,0.218623,4,15,0,7617.69,22273,3810.65,0.952553,0.884358,0.995466,0.758086,0.980836,0.441021
-7609.77,0.976027,0.218623,4,15,0,7618,22940.2,3950.41,0.888776,0.933038,0.975582,0.771232,0.932627,0.650479
-7608.84,1,0.218623,3,7,0,7612.08,22964.3,3903.69,0.897021,0.825762,0.943948,0.753284,0.945348,0.686468
-7606.64,0.974293,0.218623,3,7,0,7612.36,23001.4,3835.43,0.901086,0.880257,0.92181,0.75853,0.913917,0.697229
-7607.2,0.796203,0.218623,3,7,0,7610.32,23080.2,3861.25,0.914632,0.882295,0.972921,0.74705,0.928598,0.709654
-7606.56,0.993098,0.218623,3,15,0,7609.54,23161.4,3833.98,0.885654,0.873128,0.945059,0.746343,0.927938,0.771494
-7606.79,0.863606,0.218623,3,15,0,7611.58,23154,3802.27,0.881865,0.893423,0.953509,0.745215,0.936086,0.732212
-7606.67,0.954149,0.218623,3,7,0,7609.32,23118.4,3813.68,0.890562,0.861289,0.926166,0.740137,0.941101,0.693362
-7607.01,0.932414,0.218623,3,7,0,7608.35,23109.9,3803.38,0.861032,0.882662,0.972152,0.759284,0.907037,0.663663
-7607.75,0.96511,0.218623,3,7,0,7610.23,22937.1,3840.7,0.914555,0.899724,0.941978,0.7371,0.940624,0.728247
-7608.69,0.843637,0.218623,4,31,0,7612.39,22818.4,4085.38,0.898972,0.867211,0.981375,0.794079,0.943553,0.625483
-7609.34,0.981021,0.218623,3,15,0,7612.46,22643.6,4257.53,0.888521,0.884672,0.985903,0.78586,0.936824,0.71956
-7612.48,0.836539,0.218623,3,7,0,7617.86,22749.2,4248.04,0.875123,0.854431,0.98829,0.790741,0.94736,0.739387
-7613.95,0.997479,0.218623,4,15,0,7616.91,23064.9,4241.59,0.941676,0.933171,0.923712,0.785802,0.934416,0.874756
-7610.49,1,0.218623,3,15,0,7618.82,22820.4,4353.61,0.936589,0.927527,0.965595,0.789912,0.939863,0.811477
-7612.28,0.92674,0.218623,4,15,0,7618.22,22141.9,3951.37,0.988551,0.910411,0.986467,0.819222,0.972405,0.676661
-7610.79,0.992556,0.218623,4,15,0,7614.41,22150.5,4098.39,0.971432,0.958886,0.988471,0.778376,0.986126,0.711431
-7610.81,0.951991,0.218623,4,15,0,7614.31,22266,4106.89,0.939868,0.931671,0.998307,0.800491,0.948476,0.564912
-7612.31,0.935022,0.218623,3,15,0,7615.57,22272.6,4013.05,0.941255,0.895032,0.999633,0.781758,0.982547,0.751766
-7611.46,0.998211,0.218623,4,15,0,7613.8,22251.3,4007.75,0.939807,0.892387,0.999534,0.780884,0.981133,0.719163
-7611.53,0.963224,0.218623,3,15,0,7613.78,22572.8,3941.71,0.937437,0.887808,0.99927,0.763744,0.98144,0.647758
-7612.57,0.952312,0.218623,3,7,0,7614.94,22508.7,3911.75,0.933548,0.889325,0.999312,0.744808,0.990629,0.627624
-7609.87,0.987578,0.218623,4,15,0,7617.29,22087.9,4180.73,0.935311,0.954709,0.968769,0.784939,0.968128,0.562863
-7612.01,0.941497,0.218623,4,15,0,7615.12,21905.1,4164.49,0.878455,0.927883,0.992004,0.755198,0.981019,0.482557
-7611.46,0.916427,0.218623,4,15,0,7615.77,22281.1,3958.53,0.976822,0.92959,0.979518,0.800535,0.943487,0.794352
-7613.91,0.968943,0.218623,4,15,0,7619.15,22213.2,3820.36,0.977675,0.88222,0.984594,0.799095,0.979544,0.692117
-7612.1,0.999765,0.218623,4,15,0,7616.34,21966.4,4300.57,0.962612,0.939581,0.985705,0.753778,0.979641,0.574988
-7611.85,0.993855,0.218623,3,15,0,7618.65,21808,4154.15,0.976933,0.942391,0.991875,0.790589,0.995127,0.58914
-7613.53,0.986855,0.218623,4,15,0,7615.78,22014.2,3944.83,0.973231,0.970087,0.970245,0.798401,0.993144,0.649544
-7614.19,0.979462,0.218623,4,23,0,7618.14,21829.6,4051.3,0.972443,0.981471,0.966377,0.808791,0.9889,0.604931
-7614.2,0.990998,0.218623,4,15,0,7617.79,22117,4132.36,0.926638,0.977067,0.998014,0.79676,0.996445,0.674302
-7615.59,0.87981,0.218623,4,15,0,7619.29,21772.2,4140.52,0.908271,0.974596,0.996167,0.810272,0.994773,0.666987
-7612.37,0.987888,0.218623,4,15,0,7618.21,21977,4018.55,0.983874,0.909923,0.983844,0.747549,0.973315,0.653336
-7612.81,0.997229,0.218623,4,15,0,7615.4,21926,4254.18,0.973198,0.930076,0.986355,0.780227,0.979545,0.463558
-7608.35,0.513325,0.218623,4,31,0,7619.5,23348.4,3800.4,0.85939,0.858245,0.959073,0.763865,0.887888,0.63742
-7606.13,0.891296,0.218623,3,7,0,7612.23,23263.9,3792.46,0.856824,0.855795,0.912718,0.703659,0.89948,0.608043
-7609.62,0.628714,0.218623,4,31,0,7613.55,22266.2,4145.31,0.937598,0.954696,0.993433,0.819687,0.974152,0.710307
-7608.26,0.974673,0.218623,4,31,0,7612.17,22649.8,4082.04,0.928523,0.935792,0.986403,0.763952,0.961863,0.698898
-7607.71,0.960163,0.218623,4,15,0,7611.88,22352.2,4043.14,0.91566,0.888529,0.980163,0.796696,0.96275,0.56874
-7605.52,0.985968,0.218623,4,15,0,7611.17,22807.8,3932.68,0.89442,0.909841,0.965584,0.774017,0.928448,0.708138
-7610.19,0.899197,0.218623,4,15,0,7612.08,22456.7,3809.77,0.924674,0.850513,0.970946,0.723978,0.957493,0.459623
-7607.16,0.943348,0.218623,4,15,0,7613.18,22478.3,3923.31,0.886078,0.907519,0.969827,0.710714,0.943085,0.52944
-7608.62,0.79729,0.218623,4,15,0,7612.86,23007.6,3947.38,0.878171,0.845887,0.956496,0.747968,0.896673,0.732393
-7610.66,1,0.218623,3,7,0,7612.91,23392.6,3957.34,0.82928,0.867993,0.924051,0.699436,0.851564,0.643271
-7605.23,1,0.218623,3,7,0,7613.12,22813.2,3923.81,0.889068,0.873373,0.964536,0.743111,0.917355,0.664703
-7608.86,0.827038,0.218623,4,23,0,7613.3,22175,4157.56,0.945342,0.9381,0.986012,0.833462,0.976546,0.752203
-7608.8,0.97448,0.218623,4,31,0,7611.9,22430.7,4012.35,0.939736,0.912549,0.998989,0.780755,0.942179,0.689525
-7610.24,0.936842,0.218623,3,11,0,7616.58,22117,4028.59,0.969833,0.882126,0.995568,0.776906,0.955603,0.593889
-7609.86,0.985171,0.218623,4,15,0,7612.49,22554.9,4008.83,0.875871,0.932235,0.995282,0.778355,0.972019,0.677311
-7607.32,0.991806,0.218623,3,15,0,7612.45,22618.7,3893.43,0.908367,0.920253,0.988148,0.756995,0.955776,0.715456
-7612.58,0.763832,0.218623,4,15,0,7618.38,23006.5,4231.4,0.938619,0.911418,0.98352,0.817063,0.921466,0.767736
-7607.68,0.992587,0.218623,3,7,0,7613.35,22739.4,4231.75,0.91143,0.896481,0.983883,0.795101,0.943612,0.786548
-7610.96,0.847369,0.218623,4,15,0,7614.57,22510.9,3902.3,0.947245,0.934644,0.980283,0.803945,0.944435,0.865581
-7611.75,0.994425,0.218623,4,15,0,7615.85,22547,4040.81,0.848168,0.849844,0.997679,0.7416,0.912059,0.483258
-7608.18,0.999665,0.218623,4,15,0,7614.01,22225.4,4028.73,0.932616,0.924547,0.99679,0.806837,0.960884,0.659568
-7608.05,0.98049,0.218623,4,15,0,7611.08,22507.1,4069.12,0.93014,0.927332,0.954095,0.753499,0.97202,0.686985
-7607.55,0.996552,0.218623,4,15,0,7611.32,22120.8,4083.21,0.949795,0.927748,0.975451,0.782114,0.961721,0.615073
-7609.31,0.96655,0.218623,3,15,0,7611.45,22687,3923.47,0.964142,0.889246,0.965814,0.764646,0.935203,0.694678
-7609.75,0.924263,0.218623,3,7,0,7612.54,22784.2,3957.85,0.960206,0.911635,0.964869,0.770579,0.954025,0.777917
-7611.49,0.966162,0.218623,4,15,0,7614.24,22945.7,3923.92,0.955403,0.912507,0.947911,0.787634,0.936793,0.846669
-7607.92,0.987889,0.218623,3,7,0,7613.83,22547.1,4008.5,0.930089,0.902741,0.989114,0.813039,0.960269,0.822662
-7607.77,0.987215,0.218623,3,15,0,7610.62,22411.9,4168.02,0.95123,0.909114,0.976931,0.808567,0.959933,0.700126
-7615,0.819502,0.218623,3,7,0,7616.4,22405.3,4196.96,0.959234,0.893182,0.985469,0.800241,0.882959,0.687482
-7614.41,1,0.218623,4,15,0,7619.87,22107.2,3844.85,0.934924,0.921164,0.995255,0.743929,0.995922,0.417546
-7608.32,0.9837,0.218623,4,15,0,7617.1,22650.8,4007.74,0.89661,0.876231,0.992555,0.768951,0.940831,0.547099
-7609.97,0.992754,0.218623,4,15,0,7611.88,22377,3847.87,0.861943,0.929315,0.942126,0.746008,0.944459,0.567193
-7609.33,0.988964,0.218623,4,15,0,7612.26,22326.9,3875.36,0.883454,0.93129,0.945249,0.741604,0.938749,0.577881
-7609.81,0.994772,0.218623,4,15,0,7611.68,22287.7,4080.62,0.944319,0.878042,0.994064,0.786278,0.981593,0.703726
-7609.31,0.975666,0.218623,4,15,0,7613.42,22112.1,4059.25,0.934711,0.903126,0.996177,0.801075,0.970888,0.717635
-7609.33,1,0.218623,4,15,0,7612.16,22631.1,3948.73,0.917511,0.894891,0.998987,0.752017,0.961032,0.61933
-7611.1,0.879118,0.218623,4,23,0,7615.54,22468.6,4015.64,0.941071,0.923604,0.999281,0.761831,0.983662,0.677806
-7609.7,0.983724,0.218623,4,23,0,7613.69,22480.1,3955,0.877959,0.884563,0.99699,0.762525,0.929693,0.484634
-7610.42,0.995386,0.218623,4,15,0,7614.09,22700.1,3842.58,0.935208,0.899915,0.995248,0.786684,0.964326,0.771384
-7607.47,0.995075,0.218623,5,31,0,7613.46,22891.1,3959.73,0.913806,0.879892,0.984616,0.737844,0.938435,0.620349
-7608.52,0.992646,0.218623,3,15,0,7610.59,22587.4,4016.81,0.864359,0.898511,0.988946,0.774986,0.945531,0.707889
-7607.71,0.998332,0.218623,4,15,0,7610.85,22269.2,3923.97,0.946189,0.889664,0.976612,0.735127,0.949764,0.562466
-7609.32,0.967483,0.218623,3,15,0,7611.25,22652.1,4061.81,0.85228,0.912382,0.983896,0.732329,0.959413,0.573344
-7608.11,0.993847,0.218623,4,15,0,7612.19,22623.4,4015.65,0.950001,0.881662,0.985026,0.774546,0.936167,0.632536
-7608.8,0.955484,0.218623,3,15,0,7611.64,22429.1,4131.12,0.913267,0.946672,0.969383,0.774215,0.977625,0.714333
-7614.85,0.799232,0.218623,3,7,0,7617.76,22614.4,4105.79,0.922771,0.951048,0.925406,0.783663,0.906489,0.539092
-7607.8,0.979168,0.218623,3,7,0,7615.99,22244.7,4077.78,0.899736,0.918882,0.978885,0.785023,0.971033,0.684782
-7609.38,0.978312,0.218623,3,7,0,7610.6,22446.3,4043.39,0.922349,0.919862,0.963433,0.806484,0.953142,0.567489
-7608.33,0.994237,0.218623,4,15,0,7612.8,21995.8,3961.71,0.941444,0.924719,0.982149,0.783259,0.976355,0.620858
-7611.22,0.957456,0.218623,4,15,0,7615.53,22713.8,4108.27,0.884033,0.915624,0.999484,0.750216,0.934836,0.690075
-7609.5,0.871363,0.218623,4,15,0,7614.79,22203.3,3958.67,0.927302,0.896248,0.998698,0.762154,0.966237,0.508351
-7610.2,0.93177,0.218623,4,15,0,7613.17,22099.9,4136.15,0.931021,0.886951,0.996985,0.781099,0.97985,0.640628
-7608.65,0.995317,0.218623,3,15,0,7612.28,22381.2,4022.9,0.959,0.937538,0.985153,0.786067,0.943671,0.642792
-7607.44,0.995852,0.218623,4,15,0,7610.62,22810,4046.16,0.887357,0.866931,0.960422,0.759094,0.972434,0.668327
-7605.7,0.932835,0.218623,4,15,0,7609.94,22878.6,3840.12,0.888243,0.871979,0.964768,0.76184,0.906228,0.646956
-7608.37,0.776734,0.218623,4,15,0,7610.11,22305.7,3959.79,0.888255,0.895071,0.974076,0.706221,0.971823,0.518575
-7613.37,0.849442,0.218623,3,7,0,7615.74,22752.7,4039.85,0.914989,0.84702,0.971541,0.687029,0.894161,0.438934
-7606.88,0.996277,0.218623,3,7,0,7614.21,22663.4,3933.98,0.870567,0.875418,0.939167,0.733291,0.952343,0.616723
-7607.47,0.932505,0.218623,3,15,0,7610.79,23519.4,3907.38,0.884034,0.859513,0.951661,0.74918,0.891074,0.6871
-7606.48,0.866214,0.218623,4,31,0,7610.78,22811,4008.61,0.902356,0.906365,0.976099,0.786261,0.963714,0.744846
-7611.49,0.910946,0.218623,3,15,0,7613.76,22509.6,3911.25,0.94473,0.85474,0.989272,0.798129,0.920395,0.650283
-7607.71,1,0.218623,4,15,0,7613.14,22300.4,4058.12,0.903592,0.927073,0.966112,0.797571,0.972556,0.655388
-7609.09,0.941023,0.218623,4,15,0,7610.79,22742.9,3887.66,0.943762,0.915652,0.988217,0.760279,0.941383,0.701516
-7609.08,0.969253,0.218623,4,15,0,7611.56,22512.7,3967.13,0.878965,0.884278,0.962619,0.758474,0.94828,0.452751
-7608.17,0.989163,0.218623,4,31,0,7610.43,22612.3,4025.46,0.912514,0.907757,0.957653,0.795426,0.971006,0.815696
-7607.64,0.957584,0.218623,4,23,0,7612.06,22497.1,4091.73,0.920539,0.940158,0.983088,0.777041,0.972306,0.688352
-7609.81,0.967395,0.218623,4,15,0,7613.52,22829.5,4066.49,0.899985,0.855553,0.99443,0.743793,0.909496,0.684243
-7607.23,0.997354,0.218623,4,15,0,7611.3,22173.2,4036.1,0.915278,0.927235,0.978371,0.775683,0.956343,0.646512
-7607.46,0.955924,0.218623,4,15,0,7609.19,22520.1,4044.15,0.946896,0.910757,0.977515,0.751624,0.95922,0.608703
-7606.19,0.999381,0.218623,4,15,0,7608.26,22471.5,3913.5,0.90608,0.905861,0.97821,0.778732,0.955337,0.604225
-7609.89,0.927238,0.218623,4,15,0,7614.54,22297.1,3931.96,0.959461,0.926348,0.997171,0.789052,0.98138,0.705757
-7608.96,0.998692,0.218623,4,15,0,7611.99,22303.1,4178.62,0.924301,0.939029,0.994147,0.815088,0.965517,0.683809
-7611.57,0.934636,0.218623,3,15,0,7615.33,22116.7,3994.06,0.94958,0.889761,0.990045,0.766512,0.998927,0.566374
-7608.61,0.919908,0.218623,3,15,0,7613.76,22341.2,4045.84,0.930092,0.89499,0.978435,0.783405,0.993657,0.644541
-7612.65,0.756027,0.218623,2,3,0,7613.05,22127.1,4019.56,0.927629,0.875297,0.967463,0.786493,0.993184,0.69037
-7614.43,0.944976,0.218623,3,15,0,7617.35,22494.8,4080.62,0.89486,0.91783,0.990223,0.748838,0.998991,0.506044
-7609.61,0.995481,0.218623,4,15,0,7616.83,22123.4,4181.5,0.938973,0.906056,0.98901,0.780519,0.990793,0.670615
-7608.47,0.97948,0.218623,4,15,0,7611.7,22589.4,4008.82,0.891399,0.899138,0.951676,0.790567,0.98308,0.68878
-7609.27,0.856992,0.218623,3,7,0,7615.09,22517.5,4092.23,0.922789,0.913703,0.97413,0.743325,0.960074,0.765911
-7607.85,0.992783,0.218623,3,15,0,7617.11,22378.4,3984.47,0.924642,0.945877,0.978983,0.753726,0.95939,0.673825
-7606.97,0.96046,0.218623,4,15,0,7610.46,22607.9,4130.41,0.902005,0.910984,0.983367,0.798244,0.932878,0.695262
-7608.9,0.933607,0.218623,3,7,0,7611.12,22684.7,4173.72,0.900299,0.914144,0.988042,0.801889,0.917082,0.697099
-7610.42,0.960224,0.218623,4,31,0,7612.71,22418.6,3905.34,0.950537,0.910106,0.996879,0.7731,0.986955,0.674275
-7608.8,0.987967,0.218623,3,15,0,7612.76,22231,4056.71,0.938573,0.914491,0.991946,0.811879,0.986226,0.772383
-7614.21,0.934145,0.218623,4,15,0,7617.36,22054.3,4189.13,0.949394,0.961089,0.988113,0.717238,0.992943,0.580885
-7613.49,0.996371,0.218623,4,15,0,7617.05,22074.4,4225.27,0.948191,0.961874,0.990427,0.731786,0.991532,0.585495
-7619.53,0.878777,0.218623,4,15,0,7621.81,22664.5,3888.08,0.93236,0.893229,0.984679,0.806869,0.999869,0.630127
-7617.09,1,0.218623,4,15,0,7621.85,22327.5,4310.5,0.965281,0.955882,0.993913,0.795969,0.999523,0.734482
-7614.89,0.951696,0.218623,4,15,0,7620.76,22274.5,4034.09,0.9522,0.951614,0.997277,0.85207,0.99657,0.809453
-7611.64,0.997358,0.218623,4,15,0,7617.78,22441.6,4196.78,0.961368,0.933812,0.967579,0.769418,0.980647,0.588409
-7610.94,0.998264,0.218623,4,15,0,7614.93,22504.9,4021.67,0.928607,0.92763,0.998194,0.836542,0.953232,0.786322
-7608.02,0.983162,0.218623,4,15,0,7612.28,22649,4152.61,0.926262,0.925151,0.950839,0.787491,0.964633,0.694393
-7606.79,0.924968,0.218623,3,7,0,7613.39,22524.5,4127.05,0.920116,0.914448,0.970257,0.790124,0.973139,0.686983
-7607.41,0.911331,0.218623,2,7,0,7613.23,22426.5,4099.68,0.91855,0.915582,0.973395,0.772837,0.980859,0.721926
-7608.26,0.991232,0.218623,4,15,0,7613.73,22644.8,3851.66,0.870972,0.878429,0.987754,0.726039,0.901353,0.493149
-7608.76,0.872091,0.218623,3,15,0,7613.53,22584.9,3885.23,0.847111,0.90873,0.988716,0.743181,0.955122,0.563835
-7608.41,0.747503,0.218623,3,7,0,7614.31,22450.9,3900.24,0.889798,0.91679,0.992339,0.756029,0.915729,0.640419
-7608.32,1,0.218623,4,15,0,7610.15,22084.9,4001.19,0.928221,0.900466,0.987923,0.761891,0.984244,0.612402
-7610.45,0.92428,0.218623,3,15,0,7613.35,22500.2,4166.19,0.894565,0.945687,0.980421,0.777495,0.976753,0.598647
-7610.18,0.999101,0.218623,3,15,0,7612.63,22017.9,4188.15,0.942679,0.953204,0.975658,0.783176,0.971267,0.7002
-7609.46,0.996949,0.218623,4,15,0,7611.54,22366.8,4029.65,0.938345,0.894995,0.993825,0.816691,0.960808,0.80864
-7609.76,0.977387,0.218623,4,15,0,7612.59,22553,4128.25,0.923526,0.932425,0.954071,0.807542,0.985722,0.739349
-7609.02,0.909289,0.218623,4,15,0,7613.7,22573.3,4058.06,0.908945,0.882742,0.997843,0.76838,0.96986,0.709776
-7611.59,0.945827,0.218623,3,15,0,7618.67,22857.8,4413.09,0.899894,0.910177,0.970832,0.783167,0.957421,0.756767
-7607.68,0.978564,0.218623,3,15,0,7614.57,22789.1,4093.86,0.93879,0.884579,0.983301,0.770345,0.955529,0.721455
-7606.38,0.997053,0.218623,4,15,0,7610.42,22502.8,3916.14,0.885268,0.868217,0.986197,0.742576,0.937453,0.563885
-7612.05,0.95632,0.218623,3,7,0,7612.4,22166.7,3844.04,0.889438,0.888723,0.99554,0.678195,0.961322,0.420745
-7608.84,0.951638,0.218623,4,15,0,7617.9,23193.5,4003.87,0.890517,0.879292,0.904185,0.785477,0.913952,0.784131
-7606.03,1,0.218623,3,15,0,7611.77,23295.4,3928.2,0.877093,0.872278,0.949329,0.766271,0.930465,0.703019
-7607.29,0.990975,0.218623,4,15,0,7610.98,23647.7,3845.17,0.869708,0.861115,0.901653,0.72365,0.919728,0.728556
-7609.86,0.808259,0.218623,4,15,0,7612.4,23566.4,4072.79,0.85035,0.836196,0.94596,0.739844,0.906765,0.639065
-7613.24,0.838533,0.218623,4,31,0,7618.48,22961,3998.29,0.923245,0.888044,0.964392,0.809146,0.967133,0.954239
-7612.24,0.987272,0.218623,3,7,0,7614.73,23012.3,3994.38,0.926531,0.891164,0.947474,0.812335,0.941122,0.951132
-7618.05,0.595959,0.218623,5,31,0,7621.67,22995.8,4175.67,0.889999,0.909963,0.979029,0.803758,0.916875,0.983042
-7618.05,0.0838816,0.218623,2,3,0,7624.16,22995.8,4175.67,0.889999,0.909963,0.979029,0.803758,0.916875,0.983042
-7613.13,0.998152,0.218623,5,31,0,7619.88,22178.5,4282.09,0.939402,0.953659,0.995221,0.853885,0.989938,0.83918
-7608.67,0.990168,0.218623,4,15,0,7616.79,22761,4046.57,0.951529,0.901122,0.977207,0.791443,0.927358,0.69619
-7606.88,0.982897,0.218623,3,7,0,7611.06,22677.7,4083.52,0.943579,0.896734,0.970343,0.792188,0.939691,0.707715
-7609.79,0.851664,0.218623,3,15,0,7614.41,22095.5,4042.89,0.940482,0.878622,0.99177,0.758266,0.98895,0.583082
-7609.92,0.939477,0.218623,3,15,0,7613.87,22146.3,3924.5,0.951047,0.923022,0.983455,0.763842,0.93813,0.474038
-7611.68,0.984167,0.218623,4,15,0,7616.06,22013.1,3896.53,0.974321,0.937863,0.995058,0.743068,0.985434,0.577599
-7610.32,0.990114,0.218623,5,31,0,7613.73,22678.4,4188.18,0.90045,0.937914,0.95749,0.806842,0.962636,0.856601
-7613.56,0.833774,0.218623,4,15,0,7618.29,22730.9,4080.52,0.945997,0.94615,0.996039,0.791611,0.949288,0.910612
-7618.06,0.988854,0.218623,4,15,0,7621.01,21478.2,4041.53,0.939121,0.951108,0.983117,0.817335,0.982221,0.364819
-7613.78,0.983529,0.218623,3,7,0,7621.73,21774.6,4100.28,0.89678,0.92339,0.992385,0.811966,0.98294,0.450577
-7610.71,0.9459,0.218623,4,15,0,7619.7,22866.2,4204.05,0.91827,0.878824,0.943117,0.740291,0.973485,0.71605
-7606.22,0.953184,0.218623,4,15,0,7614.37,22917.2,4093.7,0.91455,0.884324,0.971697,0.749915,0.92658,0.693228
-7606.88,0.919729,0.218623,3,15,0,7608.89,22575,3960.72,0.905811,0.905086,0.96396,0.781866,0.948256,0.577846
-7606.16,1,0.218623,3,7,0,7607.56,22531.3,3968.32,0.88835,0.909353,0.965311,0.76307,0.952089,0.682382
-7606.44,0.991009,0.218623,3,15,0,7607.95,22992.4,4077.54,0.899625,0.864425,0.953527,0.77992,0.912648,0.739387
-7607.69,0.976268,0.218623,3,7,0,7610.18,23023.7,3946.53,0.902657,0.908394,0.949273,0.80008,0.925375,0.834715
-7606.05,0.923294,0.218623,3,15,0,7610.66,22580.3,4079.38,0.936003,0.895891,0.977949,0.779247,0.954546,0.696694
-7606.79,0.933702,0.218623,3,7,0,7608.31,22671.4,4094.61,0.926427,0.910006,0.960436,0.77747,0.965676,0.676712
-7611.12,0.929864,0.218623,3,7,0,7613.61,22703.9,4125.63,0.862117,0.913395,0.934327,0.791215,0.973418,0.678928
-7611.18,0.97999,0.218623,4,15,0,7614.22,21859.6,4037.15,0.969262,0.929806,0.995603,0.767628,0.959547,0.634979
-7612.72,0.966617,0.218623,4,15,0,7617.29,22212.8,4159.47,0.909156,0.924623,0.985707,0.81282,0.998467,0.773813
-7610.86,0.998049,0.218623,4,15,0,7613.54,22409.7,4017.77,0.956596,0.911966,0.986278,0.76916,0.905155,0.527171
-7611.29,0.996691,0.218623,3,7,0,7616.08,22613.6,3986.82,0.881484,0.92478,0.977959,0.787192,0.992221,0.62574
-7610.57,1,0.218623,3,15,0,7613.98,22625,4029.48,0.894915,0.923557,0.976478,0.79187,0.992345,0.65818
-7611.34,0.994072,0.218623,3,15,0,7614.82,22161.5,3905.92,0.93309,0.950703,0.971916,0.742525,0.960173,0.683963
-7611.94,0.996889,0.218623,3,15,0,7614,22145.1,3886.37,0.940381,0.949801,0.96955,0.740274,0.971955,0.681842
-7613,0.995432,0.218623,4,15,0,7617.13,22321.4,3858.62,0.958835,0.889523,0.981611,0.811292,0.937415,0.549399
-7609.56,0.972038,0.218623,3,7,0,7615.64,22273.2,3895.65,0.940483,0.893168,0.953419,0.787832,0.944129,0.66419
-7611.33,0.958548,0.218623,3,15,0,7614.17,22595.6,4193.41,0.867899,0.928093,0.991775,0.785065,0.969842,0.633908
-7611.94,0.85687,0.218623,3,15,0,7620.19,21840,4002.61,0.926776,0.905658,0.993896,0.806224,0.97813,0.477655
-7606.34,0.993195,0.218623,3,15,0,7616.03,22634.9,4030.92,0.90112,0.894817,0.942474,0.769092,0.924208,0.598352
-7606.44,0.895001,0.218623,4,31,0,7611.43,23251.7,4116.82,0.866714,0.863213,0.941685,0.745332,0.912417,0.703007
-7607.13,0.821697,0.218623,3,15,0,7612.49,23374.1,4069.31,0.848781,0.871564,0.936172,0.757579,0.931575,0.727573
-7609.66,0.706085,0.218623,4,15,0,7615.39,23308.1,3884.74,0.864639,0.843804,0.978816,0.70364,0.896862,0.674468
-7609.6,0.854722,0.218623,3,7,0,7613.68,23256.9,3827.05,0.829644,0.863787,0.976353,0.751095,0.894759,0.612516
-7614.14,0.735528,0.218623,3,7,0,7616.9,23459.4,3877.16,0.816549,0.881121,0.967487,0.744497,0.864967,0.586089
-7609.3,0.559591,0.218623,4,31,0,7622.24,22541.4,4134.83,0.949768,0.896651,0.974871,0.734638,0.94163,0.552694
-7610.4,0.994226,0.218623,4,15,0,7612.42,22519.3,3795.42,0.935766,0.893476,0.983663,0.771559,0.936073,0.761303
-7606.52,0.997369,0.218623,4,15,0,7613.14,22929,4078.4,0.864488,0.880804,0.950603,0.765404,0.914786,0.700606
-7611.49,0.566801,0.218623,3,7,0,7615.05,22863,3907.31,0.954339,0.843789,0.93615,0.743651,0.919972,0.648818
-7606.52,0.90591,0.218623,3,11,0,7614.45,23192.2,3909.86,0.886192,0.889318,0.960704,0.735153,0.936247,0.704465
-7606.09,0.989097,0.218623,3,15,0,7607.23,23164,3968.47,0.888538,0.868701,0.943884,0.775854,0.941665,0.712085
-7606.99,0.983489,0.218623,4,31,0,7609.16,23296.3,3674.55,0.846501,0.845313,0.907743,0.701978,0.886121,0.628049
-7611.85,0.426006,0.218623,4,15,0,7614.82,23640.7,3746.47,0.849733,0.842604,0.945282,0.713784,0.824906,0.616921
-7607.2,0.913653,0.218623,3,7,0,7611.61,23540.3,3708.98,0.845122,0.832723,0.896196,0.721868,0.915638,0.655996
-7607.29,0.744458,0.218623,4,15,0,7612.15,23485.1,3702.82,0.836295,0.849579,0.928698,0.701052,0.884733,0.681477
-7609.28,0.883736,0.218623,4,15,0,7612.19,23267.9,3641.34,0.845935,0.840975,0.88199,0.71904,0.856913,0.541229
-7609.18,0.891366,0.218623,4,15,0,7613.67,23537.7,3669.19,0.839902,0.818581,0.935847,0.736361,0.872763,0.711739
-7608.53,0.711826,0.218623,3,15,0,7614.28,23388.7,3793.34,0.885433,0.873691,0.906139,0.700925,0.890687,0.627522
-7611.56,0.349704,0.218623,4,31,0,7616.19,21830.6,4130.17,0.947827,0.95474,0.986354,0.77135,0.979409,0.675148
-7608.54,0.975543,0.218623,4,15,0,7615.88,22565.1,3971.86,0.957219,0.890011,0.990252,0.763365,0.954629,0.647407
-7608.69,0.991493,0.218623,3,15,0,7614.01,22400.1,4216.43,0.9365,0.911339,0.993942,0.769145,0.944868,0.702173
-7612.96,0.941316,0.218623,4,15,0,7615.87,22133.4,4006.81,0.934402,0.921346,0.99435,0.817103,0.954504,0.860298
-7611.12,0.998016,0.218623,4,15,0,7616.91,22287.9,4056.53,0.940741,0.920623,0.982673,0.728134,0.969525,0.432032
-7608.45,0.997406,0.218623,4,15,0,7613.51,22878.5,3862.64,0.854582,0.882267,0.957647,0.794805,0.930933,0.706853
-7605.6,0.981572,0.218623,3,15,0,7612.03,22778,3819.02,0.893076,0.862414,0.962345,0.745203,0.930797,0.601597
-7607.34,0.947733,0.218623,4,31,0,7608.49,22638.5,4085.39,0.90201,0.930463,0.979922,0.748907,0.947054,0.692268
-7610.76,0.940486,0.218623,4,15,0,7613.14,22329,3985.09,0.891967,0.945685,0.998497,0.770149,0.978935,0.651816
-7612.62,0.974159,0.218623,4,15,0,7614.64,22231.7,3995.95,0.957905,0.857491,0.997974,0.727496,0.981141,0.544813
-7610.35,0.977003,0.218623,4,15,0,7614.34,22275.3,4074.02,0.890699,0.948152,0.997119,0.790576,0.942617,0.630548
-7610.25,0.938012,0.218623,3,15,0,7615.45,22164.4,4031.95,0.911951,0.930205,0.999323,0.800774,0.967877,0.690929
-7612.3,0.995792,0.218623,4,15,0,7613.81,22185.3,4028.85,0.960217,0.905967,0.999873,0.80843,0.964196,0.68079
-7615.04,0.780719,0.218623,4,15,0,7622.71,22074.7,4007.52,0.881039,0.94945,0.999764,0.717116,0.986328,0.469443
-7612.34,0.959262,0.218623,4,15,0,7620.34,22113.3,4093.16,0.973606,0.960401,0.998419,0.796573,0.983557,0.78062
-7611.59,0.985402,0.218623,4,15,0,7617.8,22045.9,4160.38,0.959863,0.946792,0.972781,0.849056,0.97468,0.84299
-7608.79,0.992793,0.218623,4,15,0,7615.11,22528.4,4012.06,0.923141,0.914569,0.997485,0.785715,0.957451,0.801565
-7609.48,0.943157,0.218623,4,15,0,7611.83,22535.7,4020.07,0.939936,0.905227,0.992977,0.829867,0.948917,0.74007
-7610.12,0.964818,0.218623,4,15,0,7614.45,22835.2,4142.01,0.959322,0.896799,0.970436,0.76995,0.914216,0.735625
-7608.18,0.961749,0.218623,3,15,0,7613.56,22097.8,4029.47,0.951855,0.908756,0.972481,0.791302,0.977589,0.620192
-7612.9,0.89327,0.218623,4,15,0,7616.55,22185.7,4207.26,0.932709,0.943484,0.999872,0.766025,0.96438,0.618902
-7610.89,0.950747,0.218623,4,31,0,7617.18,22787.3,3831.36,0.906768,0.882646,0.99379,0.801741,0.963608,0.742953
-7608.53,0.992451,0.218623,4,15,0,7613.35,22736.7,3937.96,0.917465,0.924997,0.993526,0.751071,0.944855,0.709213
-7606.38,0.998583,0.218623,3,15,0,7610.2,22294.7,3986.55,0.924605,0.915353,0.990161,0.778326,0.952224,0.651688
-7608.41,0.92937,0.218623,4,15,0,7610.33,22674.3,4149.95,0.931788,0.911562,0.966267,0.808365,0.971624,0.872791
-7610.22,0.8561,0.218623,4,15,0,7612.56,22485.2,4158.72,0.933424,0.935318,0.998751,0.818855,0.95766,0.837668
-7612.36,0.920524,0.218623,3,7,0,7613.69,22665.7,4117.1,0.940547,0.924663,0.999271,0.829777,0.935764,0.835026
-7614.47,0.907895,0.218623,4,15,0,7616.14,22390,4139.47,0.937985,0.940158,0.999438,0.803621,0.989196,0.897409
-7610.71,0.979958,0.218623,4,31,0,7616.34,22500.4,4153.78,0.941261,0.908415,0.996273,0.837743,0.971846,0.878622
-7610.07,0.95423,0.218623,4,31,0,7616.3,22085.9,4007.07,0.941695,0.904788,0.994315,0.710262,0.96762,0.537043
-7608.8,0.983899,0.218623,4,15,0,7613.76,22380,4032.57,0.897928,0.899999,0.997375,0.795255,0.936141,0.670733
-7608.49,0.994583,0.218623,3,15,0,7611.75,22439.9,4201.72,0.928664,0.904946,0.990565,0.762551,0.974216,0.626863
-7608.75,0.938627,0.218623,4,15,0,7613.28,22527.1,4077.96,0.89216,0.948367,0.985879,0.770777,0.936299,0.649363
-7610.84,0.98438,0.218623,4,15,0,7613.17,21898.2,4211.25,0.968083,0.938886,0.984251,0.792964,0.98871,0.577602
-7610.63,0.996779,0.218623,4,15,0,7613.71,22324.5,3944.51,0.967966,0.942539,0.995275,0.809423,0.965188,0.774371
-7609.25,0.936054,0.218623,4,31,0,7612.31,22282.9,4204.88,0.903274,0.913418,0.965584,0.796966,0.975347,0.587652
-7611.94,0.969392,0.218623,4,15,0,7615.47,22347.3,3816.41,0.921869,0.890555,0.989083,0.672847,0.92443,0.503644
-7609.71,0.981609,0.218623,4,15,0,7615.14,22290.8,4051.14,0.876555,0.891259,0.948601,0.779683,0.980677,0.5361
-7610.61,0.991702,0.218623,4,15,0,7612.36,22721.4,4119.31,0.962052,0.916458,0.992261,0.767085,0.938864,0.756186
-7612.08,0.853372,0.218623,4,15,0,7617.55,22160,4299.65,0.972884,0.902743,0.994829,0.80157,0.978238,0.651666
-7609.61,0.89292,0.218623,4,15,0,7616.39,22674.9,3995.83,0.88454,0.940424,0.971174,0.793139,0.957473,0.640806
-7610.28,0.931252,0.218623,3,7,0,7616.03,22267.8,4016.45,0.919723,0.927509,0.984734,0.79865,0.993087,0.789979
-7611.12,0.97834,0.218623,4,15,0,7613.59,22238.1,4135.05,0.953853,0.911614,0.988024,0.814742,0.997862,0.696571
-7611.85,0.99406,0.218623,4,15,0,7613.5,21942.9,4086.8,0.955323,0.923761,0.975367,0.801665,0.998452,0.574862
-7609.27,0.966207,0.218623,4,15,0,7615.38,22505.5,3911.8,0.896412,0.892717,0.987659,0.740337,0.886364,0.484596
-7609.16,0.722889,0.218623,3,7,0,7613.69,22574,3973.17,0.902139,0.886626,0.991378,0.740132,0.988188,0.626291
-7608.6,0.985269,0.218623,5,31,0,7612.04,23233.5,4093.14,0.924471,0.886076,0.942691,0.772096,0.917356,0.872003
-7608.17,1,0.218623,3,7,0,7609.62,23170.5,4132.01,0.887937,0.899747,0.955567,0.809103,0.926502,0.87315
-7608.84,0.946948,0.218623,4,31,0,7612.98,23318.9,4159.74,0.891435,0.895379,0.944683,0.77362,0.94236,0.892542
-7609.99,0.815463,0.218623,3,7,0,7613.65,23519.6,4066.18,0.918998,0.879146,0.945256,0.779841,0.89032,0.875767
-7607.2,0.411771,0.218623,4,15,0,7612.22,23646.7,4061.87,0.8777,0.881806,0.946208,0.764111,0.896711,0.813023
-7607.57,0.843759,0.218623,3,7,0,7609.18,23431.3,4099.31,0.882453,0.858468,0.92919,0.764902,0.924043,0.835578
-7605.96,0.937348,0.218623,3,7,0,7611.22,23396.8,3982.93,0.866709,0.848723,0.943933,0.744689,0.905315,0.752222
-7607.1,0.815441,0.218623,4,15,0,7608.92,23170.6,3757.47,0.881445,0.857833,0.928154,0.725917,0.920617,0.585166
-7608.08,0.863008,0.218623,3,7,0,7610.7,23248.9,3784.33,0.885022,0.857592,0.944144,0.734527,0.930671,0.608157
-7611.17,0.841281,0.218623,4,15,0,7613.76,22971.5,3733.83,0.888606,0.899544,0.962585,0.766112,0.972263,0.722068
-7611.19,0.969131,0.218623,3,7,0,7615.35,22954.4,3765.13,0.903045,0.897862,0.979326,0.738927,0.961879,0.759955
-7607.52,0.998205,0.218623,3,7,0,7612.54,22877.2,3891.13,0.8947,0.90791,0.946641,0.773548,0.904198,0.740228
-7607.25,0.946438,0.218623,4,15,0,7610.79,22492.1,4130.91,0.92059,0.873945,0.968997,0.76299,0.929034,0.607086
-7611.94,0.773253,0.218623,3,7,0,7613.74,22569.8,4146.62,0.927218,0.892925,0.968064,0.759736,0.888223,0.4809
-7610.71,1,0.218623,4,15,0,7614.77,22336.6,3993.54,0.924071,0.932119,0.989207,0.753232,0.995975,0.549868
-7607.9,0.929978,0.218623,3,15,0,7615.49,22284.4,3968.35,0.896157,0.903082,0.989756,0.794756,0.967284,0.669647
-7606.58,0.988674,0.218623,4,23,0,7610.04,22682.1,3956.87,0.916081,0.891218,0.971588,0.718395,0.92761,0.608343
-7609.45,0.907831,0.218623,3,7,0,7611.36,22631.5,3983.01,0.919187,0.873527,0.98939,0.695655,0.927522,0.560253
-7606.46,0.901617,0.218623,4,15,0,7614.31,22667.4,4089.33,0.900066,0.901259,0.982263,0.786243,0.958898,0.668922
-7608.54,0.948899,0.218623,4,15,0,7610.36,23110.1,4107.33,0.928382,0.896907,0.94999,0.749896,0.920817,0.688602
-7607.76,0.954945,0.218623,3,15,0,7613.93,23031.8,4096.29,0.889246,0.859747,0.962417,0.7548,0.891755,0.620074
-7607.24,0.665801,0.218623,4,15,0,7611.9,23329.1,3763.6,0.861857,0.881824,0.950997,0.72681,0.887088,0.707764
-7610.25,0.883491,0.218623,3,7,0,7611.91,23275.6,3854.3,0.844935,0.810869,0.891657,0.750153,0.909896,0.558998
-7605.42,0.998053,0.218623,3,15,0,7612.6,23220.3,3985.67,0.883074,0.880119,0.962983,0.753698,0.922346,0.749058
-7608.57,0.678605,0.218623,3,7,0,7610.86,22756.6,4072.24,0.934688,0.901013,0.948617,0.785739,0.901413,0.693031
-7609.55,0.939386,0.218623,3,7,0,7612.93,22550.3,3978.17,0.887659,0.881459,0.966935,0.813054,0.977021,0.675233
-7613.86,0.941439,0.218623,3,7,0,7615.68,22614.6,4318.85,0.943117,0.912666,0.97109,0.715192,0.929725,0.670442
-7614.41,0.905906,0.218623,3,15,0,7618.14,21886,3830.45,0.936134,0.914174,0.979497,0.823863,0.982988,0.671318
-7613.39,1,0.218623,3,7,0,7615.19,21972.9,3838.64,0.931172,0.911121,0.980237,0.827017,0.981986,0.668832
-7609.51,0.99915,0.218623,4,15,0,7616.6,22195.7,4256.64,0.95695,0.940155,0.982359,0.817305,0.978322,0.793657
-7610.2,0.980711,0.218623,4,31,0,7612.92,22107.7,3922.76,0.976777,0.910664,0.990911,0.763918,0.955402,0.639841
-7608.79,0.995266,0.218623,3,15,0,7611.9,22292.6,4014.71,0.972851,0.914102,0.99105,0.770758,0.954171,0.66214
-7613.1,0.786395,0.218623,4,15,0,7616.13,22206.6,3987.39,0.975181,0.938872,0.953289,0.759064,0.994641,0.641965
-7611.14,0.989389,0.218623,4,31,0,7616.52,22063.8,3954.14,0.949742,0.901046,0.981155,0.7369,0.997238,0.488252
-7612.93,0.933288,0.218623,4,31,0,7620.55,22261.1,3938.73,0.986934,0.903386,0.982965,0.73014,0.914799,0.55113
-7616.96,0.751522,0.218623,4,15,0,7619.06,22085.5,4076.17,0.83277,0.922386,0.980827,0.773107,0.998489,0.569655
-7614.43,1,0.218623,4,15,0,7622.63,21823.6,4095.88,0.994766,0.924012,0.983548,0.824757,0.958518,0.702628
-7615.39,0.993369,0.218623,4,15,0,7619.62,22041.4,3944.93,0.9959,0.936395,0.988973,0.845029,0.977227,0.780075
-7618.04,0.906309,0.218623,4,31,0,7623.42,21826.3,4220.32,0.995261,0.911678,0.995963,0.707764,0.992281,0.414685
-7615.42,0.946331,0.218623,4,15,0,7621.46,22067,3891.13,0.993923,0.934038,0.99876,0.782032,0.986767,0.574266
-7612.58,0.999479,0.218623,4,15,0,7617.07,21957.6,3935.59,0.99211,0.929257,0.994874,0.772822,0.987373,0.588191
-7613.78,0.986459,0.218623,4,15,0,7616.15,21870.3,4010.18,0.988621,0.947307,0.992319,0.801232,0.998418,0.689393
-7614.9,0.987872,0.218623,4,15,0,7616.43,22155,4161.04,0.984559,0.949259,0.985343,0.801207,0.999467,0.751404
-7614.12,1,0.218623,4,15,0,7615.92,22009.9,4101.17,0.978832,0.933661,0.990978,0.819843,0.999535,0.788713
-7610.46,0.995965,0.218623,4,15,0,7615.57,21865.1,4048.97,0.948341,0.958366,0.992967,0.78692,0.990936,0.588869
-7609.91,0.98685,0.218623,4,15,0,7614.99,22494.7,3969.54,0.95579,0.868026,0.983218,0.798039,0.93527,0.695454
-7611.13,0.949502,0.218623,4,15,0,7614.09,22050.7,4103.06,0.877143,0.934829,0.991159,0.75761,0.983396,0.586979
-7612.6,0.995073,0.218623,3,15,0,7616.5,22464,4125.53,0.978322,0.887459,0.995999,0.811254,0.965422,0.783607
-7611.15,0.999888,0.218623,4,15,0,7614.8,22368.8,4071.28,0.885394,0.961193,0.97182,0.798143,0.972877,0.62162
-7611.67,0.89635,0.218623,3,15,0,7621.19,22350.1,4058.38,0.890741,0.934942,0.961522,0.734969,0.896343,0.604913
-7613.64,1,0.218623,4,15,0,7616.72,21828.2,3924.97,0.942269,0.935569,0.999228,0.779588,0.996115,0.627222
-7611.13,0.991067,0.218623,3,7,0,7614.42,22216.1,4055.85,0.95191,0.935528,0.999183,0.783264,0.992474,0.673785
-7614.94,0.954492,0.218623,4,31,0,7617.1,22253.9,3765.78,0.939691,0.908452,0.999187,0.777124,0.918559,0.687745
-7620.6,0.901564,0.218623,4,15,0,7626.19,21913.2,4284.18,0.912553,0.929603,0.919259,0.695575,0.998777,0.407159
-7615.63,0.959268,0.218623,3,7,0,7623.88,22109.5,4128.41,0.900109,0.930216,0.981011,0.746353,0.99867,0.372362
-7614.36,0.999937,0.218623,4,15,0,7618.5,22587.6,3958.28,0.957362,0.891469,0.988152,0.780606,0.998809,0.706619
-7611.78,0.995558,0.218623,3,7,0,7616.32,21830,4089.32,0.960279,0.940708,0.987712,0.785523,0.998158,0.632104
-7609.01,0.940889,0.218623,4,15,0,7615.38,22051.6,4079.15,0.963045,0.926143,0.994951,0.805272,0.96908,0.726056
-7608.54,0.987991,0.218623,3,15,0,7612.44,22115.9,4037.82,0.957976,0.911604,0.990777,0.807999,0.957801,0.64135
-7610.27,0.891448,0.218623,3,15,0,7615.81,22622.4,4161.09,0.960243,0.919285,0.993813,0.818792,0.948098,0.872447
-7609.87,0.917514,0.218623,3,7,0,7612.62,22504.8,4094.01,0.95987,0.91686,0.991249,0.811696,0.975021,0.873058
-7607.73,0.996733,0.218623,4,15,0,7611.96,22759.8,4071.79,0.886177,0.919525,0.981726,0.803427,0.946792,0.732924
-7606.64,1,0.218623,3,7,0,7608.55,22392.8,4096.53,0.938979,0.92135,0.972341,0.784903,0.958589,0.73945
-7609.39,0.863578,0.218623,3,15,0,7611.7,22467.6,3926.55,0.88688,0.930685,0.964751,0.764715,0.988942,0.621367
-7613.6,0.94246,0.218623,4,15,0,7615.09,22075.9,4215.67,0.973643,0.915458,0.998974,0.820251,0.99491,0.752742
-7610.62,0.977236,0.218623,4,23,0,7616.39,22066.4,3909.99,0.927977,0.927772,0.999257,0.748878,0.974608,0.520767
-7612.32,0.915059,0.218623,4,15,0,7615.63,22158.6,4234.79,0.934441,0.929203,0.999056,0.73738,0.951552,0.583739
-7608.11,0.961154,0.218623,4,15,0,7619.27,22497.9,3815.13,0.856282,0.885499,0.989983,0.729995,0.942182,0.56421
-7610.29,0.991961,0.218623,3,7,0,7611.5,22331.3,3775.69,0.867514,0.903025,0.986592,0.725862,0.936619,0.429515
-7611.33,0.971869,0.218623,5,31,0,7615.09,22217.1,4081.82,0.983941,0.948121,0.984372,0.808646,0.972972,0.823725
-7611.93,0.929289,0.218623,3,7,0,7614.02,22333.7,4096.98,0.985332,0.951407,0.986526,0.809596,0.96598,0.816605
-7611.63,0.950613,0.218623,4,15,0,7615.98,22045,4074.61,0.946025,0.91212,0.99581,0.814219,0.984418,0.51951
-7613.49,0.948057,0.218623,3,15,0,7617.08,22105.3,4064.7,0.948525,0.901517,0.993779,0.813426,0.984934,0.468651
-7613.47,0.882263,0.218623,4,15,0,7617.73,22757.2,4091.46,0.949853,0.952803,0.991596,0.773876,0.961869,0.724336
-7611.46,0.991975,0.218623,4,15,0,7617.96,22133.5,4219.49,0.928491,0.947,0.943792,0.777409,0.959878,0.630461
-7612.04,0.939442,0.218623,4,15,0,7620.08,22662.1,3713.53,0.930748,0.91371,0.988256,0.727599,0.955884,0.658149
-7612.66,0.832293,0.218623,4,15,0,7620.29,22475.1,3775.35,0.886402,0.838294,0.96696,0.758163,0.956609,0.418778
-7611.27,0.801632,0.218623,4,15,0,7621.47,22368.2,3993.93,0.916648,0.957262,0.986212,0.74044,0.939315,0.705006
-7609.82,0.948758,0.218623,3,15,0,7615.2,22178,3957.32,0.923397,0.957164,0.984444,0.746825,0.931461,0.583455
-7611.24,0.993724,0.218623,4,31,0,7613.62,22392.3,4126.21,0.901577,0.966965,0.972926,0.806299,0.973383,0.710829
-7608.37,0.992629,0.218623,4,15,0,7613.64,22557.6,3924.96,0.874414,0.902467,0.989559,0.713104,0.912332,0.576645
-7608.87,0.925531,0.218623,4,31,0,7614.71,22099.5,3937.08,0.917481,0.920726,0.995746,0.777779,0.97676,0.533856
-7607.86,0.911727,0.218623,4,15,0,7612.34,22379.3,4031.78,0.892597,0.92941,0.9696,0.769641,0.929192,0.658631
-7608.71,0.992524,0.218623,4,15,0,7611.42,22233.3,4082.2,0.933208,0.94609,0.990851,0.767302,0.960994,0.721263
-7608.87,0.989896,0.218623,3,15,0,7612.18,22293.1,4022.79,0.974375,0.922325,0.989327,0.784559,0.968322,0.667896
-7609.59,0.977534,0.218623,4,23,0,7612.42,22668,4080,0.86395,0.917003,0.98631,0.768969,0.94728,0.556836
-7613.03,0.972475,0.218623,4,15,0,7614.47,22043.9,3885.07,0.970975,0.886775,0.989375,0.763157,0.918724,0.584075
-7609.62,0.999908,0.218623,3,15,0,7614.82,22296.4,3952.94,0.897522,0.928339,0.985178,0.716146,0.983508,0.582132
-7607.69,0.987796,0.218623,4,23,0,7611.43,22305.7,3891.65,0.921443,0.900538,0.956502,0.732873,0.942972,0.495462
-7608.09,0.850267,0.218623,4,15,0,7610.78,22907.1,4045.29,0.923121,0.891484,0.981978,0.791023,0.931528,0.681505
-7609.82,0.970148,0.218623,5,31,0,7611.96,22194.1,4195.77,0.931203,0.949027,0.983042,0.76771,0.983313,0.569604
-7607.54,0.991806,0.218623,4,15,0,7612.93,22451.1,3931.12,0.915736,0.866454,0.986468,0.784111,0.953246,0.594364
-7608.57,0.928608,0.218623,4,15,0,7612.19,22589.8,4014.39,0.932166,0.914738,0.969925,0.716446,0.935093,0.65671
-7608.09,0.944775,0.218623,3,15,0,7612.97,22494.3,3926.5,0.936634,0.893387,0.98262,0.728009,0.913446,0.596371
-7607.8,0.98085,0.218623,4,15,0,7609.72,22280.7,3987.83,0.892378,0.897338,0.991431,0.732351,0.97401,0.549196
-7606.49,0.975053,0.218623,4,31,0,7610.68,22605.2,3982.56,0.920498,0.902111,0.981692,0.795776,0.966301,0.707565
-7607.22,0.995085,0.218623,4,31,0,7607.87,22611.3,3959.94,0.854954,0.888145,0.940327,0.730732,0.934995,0.576493
-7607.21,0.961855,0.218623,4,23,0,7609.6,22410.5,3993.95,0.9037,0.91588,0.994775,0.78919,0.9648,0.666785
-7608.65,0.856823,0.218623,4,15,0,7611.94,22667.7,4162.35,0.932789,0.930624,0.955893,0.778228,0.971856,0.730675
-7607.86,0.907974,0.218623,4,15,0,7613.25,22295.8,4134.45,0.95301,0.9047,0.989134,0.763921,0.950316,0.644507
-7609.78,0.897419,0.218623,4,15,0,7612.66,22357.9,3847.07,0.848116,0.901778,0.974341,0.761892,0.972575,0.580899
-7609.91,0.975943,0.218623,3,15,0,7614.16,22096.3,4112.37,0.960615,0.895529,0.979408,0.775688,0.991776,0.569712
-7614.85,0.885196,0.218623,4,15,0,7617.48,22235.6,3954.62,0.975362,0.969365,0.992792,0.806734,0.994301,0.763121
-7614.12,0.998524,0.218623,4,15,0,7618.3,22024.8,3972.67,0.983402,0.968207,0.995829,0.795525,0.991902,0.760392
-7607.42,0.983944,0.218623,5,31,0,7616.65,22683.3,4082.26,0.909295,0.892672,0.96502,0.800786,0.969169,0.796337
-7608.52,0.969684,0.218623,4,15,0,7610.07,22077.8,3968.54,0.926774,0.915047,0.98348,0.72988,0.981867,0.538621
-7608.4,0.994903,0.218623,4,15,0,7610.39,22373.6,4038.39,0.896929,0.929531,0.995352,0.769067,0.977415,0.614184
-7608.75,0.935899,0.218623,3,15,0,7613.06,22554.6,3956.27,0.860191,0.904144,0.98705,0.75685,0.896873,0.558706
-7612.08,0.590486,0.218623,4,15,0,7616.74,22252.2,4059.05,0.960969,0.91408,0.987718,0.812976,0.99595,0.847852
-7613.32,0.825287,0.218623,5,31,0,7618.53,22139.8,4168.92,0.976345,0.973475,0.983596,0.759725,0.984923,0.604745
-7610.37,0.996224,0.218623,5,31,0,7616.65,22656.8,4091.64,0.893407,0.934892,0.992536,0.766481,0.969318,0.778099
-7610.21,0.885954,0.218623,3,7,0,7615.14,22563.3,4037.13,0.960197,0.898366,0.993136,0.803751,0.923859,0.722414
-7612.41,0.994967,0.218623,4,15,0,7614.88,22326.6,3953.73,0.976947,0.915804,0.991884,0.767443,0.983056,0.769821
-7611.87,0.99908,0.218623,4,15,0,7615.61,21962,4244.47,0.958343,0.922726,0.957964,0.793706,0.977761,0.529861
-7608.64,0.993713,0.218623,3,15,0,7616.06,22224.9,3933.68,0.865927,0.908914,0.991343,0.738151,0.940972,0.49329
-7609.25,0.892846,0.218623,4,15,0,7612.76,22588.4,4061.11,0.947833,0.902094,0.98567,0.78886,0.985901,0.711002
-7608.75,0.996673,0.218623,4,15,0,7610.85,22235.3,3939.87,0.917648,0.919111,0.967522,0.797693,0.970363,0.727449
-7610.57,0.991315,0.218623,4,15,0,7612.22,22485.9,3982.87,0.885172,0.861658,0.995568,0.712971,0.900243,0.560163
-7608.89,1,0.218623,4,15,0,7612.28,21998.7,3967.7,0.914363,0.92327,0.987324,0.758072,0.986795,0.571923
-7610.68,0.994602,0.218623,3,7,0,7611.01,22180.7,3952.55,0.924487,0.945384,0.985837,0.741547,0.991207,0.49171
-7617,0.784235,0.218623,4,15,0,7620.74,22291.6,4191.84,0.961589,0.906297,0.989403,0.722856,0.924947,0.349717
-7616.01,0.959778,0.218623,4,31,0,7624.11,22099.5,3985.5,0.980986,0.98172,0.984072,0.778718,0.994059,0.551586
-7615.21,0.984225,0.218623,4,23,0,7618.18,21529.6,4045.46,0.956431,0.975076,0.987669,0.755244,0.979283,0.545186
-7613.61,0.998789,0.218623,4,15,0,7617.9,22071.4,4223.19,0.960606,0.985239,0.989505,0.782219,0.94818,0.621514
-7614.54,0.953858,0.218623,4,15,0,7620.5,22884.7,3856.81,0.90263,0.824338,0.980543,0.728755,0.985076,0.55286
-7613.57,0.998192,0.218623,4,15,0,7618.6,22172.1,4138.96,0.91304,0.973558,0.972118,0.800709,0.953636,0.492062
-7609.58,0.990134,0.218623,4,15,0,7616.94,22163,3848.85,0.92349,0.872241,0.995195,0.756415,0.945178,0.563123
-7608.27,0.980567,0.218623,4,15,0,7611.36,22457,3952.97,0.89047,0.912929,0.950996,0.74629,0.969121,0.66945
-7606.61,0.997341,0.218623,3,15,0,7609.63,22494.2,3954.13,0.896241,0.905469,0.962925,0.741293,0.968265,0.639243
-7606.03,0.838494,0.218623,3,7,0,7617.24,22660.7,3965.96,0.877733,0.903403,0.952739,0.744932,0.940082,0.566837
-7606.43,0.977214,0.218623,4,23,0,7609.86,23397.7,3789.28,0.869314,0.832464,0.939896,0.724159,0.91386,0.668431
-7606.94,0.99645,0.218623,4,31,0,7609.65,22939.7,4190.38,0.911342,0.90158,0.967993,0.786478,0.927022,0.819031
-7611.53,0.885126,0.218623,5,31,0,7615.02,23613.6,4176.17,0.833264,0.856436,0.925665,0.776435,0.911363,0.699043
-7613.44,0.828394,0.218623,4,31,0,7618.87,22137.8,4016.51,0.954574,0.973516,0.994517,0.821481,0.974512,0.881106
-7609.22,0.995551,0.218623,4,15,0,7615.54,22397.5,4135.21,0.941951,0.960639,0.978166,0.799679,0.961283,0.727773
-7611.72,0.932095,0.218623,4,15,0,7616.88,22752.1,3979.12,0.928063,0.849354,0.997038,0.793593,0.926701,0.649778
-7608.9,0.989399,0.218623,4,15,0,7613.4,22210.3,4002.46,0.94653,0.945945,0.976053,0.743347,0.960285,0.534697
-7611.03,0.863307,0.218623,4,15,0,7614.29,22844.8,4104.68,0.878196,0.860616,0.989405,0.805593,0.910131,0.718862
-7617.34,0.145473,0.218623,4,15,0,7624.52,21987,3766.58,0.931588,0.937317,0.974136,0.69668,0.99919,0.51167
-7613.82,0.961346,0.218623,4,15,0,7620.96,22507.6,3846.09,0.931827,0.893129,0.984611,0.739231,0.999401,0.580347
-7612.36,0.919607,0.218623,4,15,0,7617.78,21816.8,3933.06,0.917118,0.901552,0.990905,0.741442,0.994294,0.523518
-7609.49,0.971525,0.218623,4,23,0,7613.21,22510.8,4085.89,0.910803,0.894911,0.960223,0.759676,0.912132,0.722274
-7606.48,0.982863,0.218623,3,7,0,7613.15,22828.8,4097.98,0.935041,0.886788,0.962377,0.779828,0.94047,0.756848
-7608.27,0.954111,0.218623,3,7,0,7610.07,23081.2,4223.68,0.899358,0.915399,0.968231,0.780263,0.935312,0.838608
-7607.63,0.95363,0.218623,4,23,0,7612.7,22345.4,4006.31,0.908901,0.867853,0.977086,0.788929,0.951171,0.588809
-7605.6,0.914928,0.218623,3,15,0,7612.08,22825.5,3968.79,0.885602,0.883903,0.966562,0.761916,0.949142,0.623421
-7607.84,0.96098,0.218623,3,15,0,7609.34,22393.9,4058.87,0.880466,0.891408,0.94859,0.733215,0.959675,0.550369
-7607.51,0.964423,0.218623,4,15,0,7610.59,22663.6,3950.63,0.898029,0.921238,0.991447,0.742865,0.935328,0.611453
-7607.19,1,0.218623,3,7,0,7608.42,22430.6,3928.66,0.876107,0.91199,0.990229,0.74011,0.938406,0.578098
-7609.04,0.923628,0.218623,3,7,0,7610.82,22495.8,3775.98,0.907521,0.867673,0.989452,0.76252,0.948243,0.667809
-7611.54,0.884226,0.218623,3,7,0,7615.15,22482.9,3705.45,0.916467,0.900817,0.991984,0.774463,0.921955,0.559495
-7610.72,0.998628,0.218623,4,15,0,7614.57,22346.5,3776.74,0.838294,0.902561,0.986988,0.758086,0.942281,0.538593
-7608.44,0.984009,0.218623,3,7,0,7612.07,22875.4,3870.71,0.933659,0.876381,0.929904,0.728289,0.922729,0.647176
-7608.76,0.962849,0.218623,4,15,0,7612.65,22120.6,4125.09,0.90397,0.926662,0.995277,0.786534,0.96418,0.605095
-7613.09,0.882788,0.218623,4,15,0,7616.33,22381.8,4085.17,0.966645,0.903399,0.986744,0.756811,0.998031,0.573732
-7616.02,0.999879,0.218623,4,15,0,7618.61,21807.4,4057.83,0.974663,0.925608,0.996413,0.770058,0.999843,0.486168
-7615.88,0.967376,0.218623,3,7,0,7617.08,21747,4054.07,0.97553,0.928206,0.996369,0.768272,0.999829,0.519225
-7612.25,0.958252,0.218623,4,31,0,7621.56,22002.5,4004.63,0.990677,0.94402,0.96874,0.760924,0.976494,0.533787
-7612.44,0.975037,0.218623,4,15,0,7615.97,21948.6,3989.81,0.979793,0.908983,0.992893,0.752634,0.996604,0.510106
-7609.61,0.986171,0.218623,4,15,0,7614.05,22080.5,4042.52,0.96495,0.925471,0.99611,0.803582,0.988208,0.706589
-7610.79,0.953231,0.218623,4,15,0,7614.57,22326.2,4070.53,0.982563,0.930252,0.962128,0.798654,0.963908,0.676017
-7609.78,0.995216,0.218623,4,15,0,7613.9,22198.9,4057.3,0.903415,0.942297,0.996932,0.794703,0.984001,0.640581
-7610.47,0.977213,0.218623,4,15,0,7611.96,22613.1,4081.05,0.965882,0.894051,0.957043,0.768464,0.964123,0.776991
-7609.21,0.883483,0.218623,3,15,0,7615.87,22279.6,4103.79,0.94616,0.918341,0.985412,0.744672,0.964339,0.495997
-7609.56,0.90371,0.218623,3,15,0,7615.82,22583.5,4186.35,0.884889,0.854512,0.943989,0.737605,0.941145,0.547443
-7610.49,0.816239,0.218623,3,7,0,7615.35,22722.1,4123.15,0.909261,0.90231,0.978332,0.725796,0.980481,0.589198
-7606.57,0.969393,0.218623,4,15,0,7613.82,22350.4,3918.66,0.928785,0.889854,0.96827,0.771331,0.945789,0.594847
-7608.76,0.867084,0.218623,3,15,0,7611.54,22998.3,3907.74,0.884475,0.905687,0.97767,0.792267,0.956815,0.750767
-7611.02,0.982689,0.218623,4,15,0,7613.24,22499.3,4256.17,0.963026,0.910049,0.991134,0.775461,0.955517,0.627456
-7610.84,0.996124,0.218623,4,15,0,7613.17,22890.9,3792.34,0.843702,0.899559,0.939226,0.768062,0.967631,0.633634
-7610.24,0.983309,0.218623,4,23,0,7615.56,22418,3765.8,0.931947,0.917946,0.978797,0.781715,0.928912,0.705338
-7607.59,0.648213,0.218623,3,7,0,7614.13,22533.9,3833.71,0.920489,0.905533,0.973421,0.7898,0.957973,0.649382
-7606.69,0.961517,0.218623,3,15,0,7610.15,22498.9,4043.5,0.922971,0.909713,0.980175,0.770418,0.972418,0.739208
-7606.78,0.9577,0.218623,4,23,0,7609.69,22688.6,3893.52,0.874212,0.855275,0.968679,0.752038,0.945026,0.649969
-7606.04,0.962852,0.218623,3,7,0,7607.96,22695,3955.44,0.910036,0.911259,0.950317,0.745019,0.924164,0.644234
-7606.31,0.929984,0.218623,3,7,0,7608.08,22472.8,3947.61,0.899865,0.87969,0.989281,0.754264,0.959379,0.606556
-7609.11,0.937563,0.218623,4,31,0,7611.24,22937.1,3785.43,0.879041,0.91874,0.960775,0.732484,0.899996,0.684781
-7612.29,0.997729,0.218623,3,7,0,7613.6,22667.7,3661.35,0.878313,0.814417,0.956236,0.757204,0.949128,0.540108
-7607.22,0.923725,0.218623,5,31,0,7617.85,22431,3869.12,0.903567,0.862726,0.985092,0.726281,0.942139,0.554009
-7606.15,0.982099,0.218623,4,15,0,7609.69,22509.5,3982.54,0.930132,0.912327,0.987975,0.76827,0.942731,0.691343
-7607.51,0.973782,0.218623,3,7,0,7607.98,22208.4,4055.35,0.934235,0.88602,0.968179,0.775664,0.961959,0.579774
-7608.23,0.936393,0.218623,3,15,0,7615.43,22100.2,3985.97,0.887276,0.915846,0.974446,0.758505,0.94954,0.509526
-7607.64,0.791225,0.218623,4,23,0,7612.27,23248.2,3908.74,0.877962,0.842913,0.934155,0.714291,0.878357,0.68364
-7607.22,0.573833,0.218623,3,15,0,7613.36,23170.7,3946.51,0.893403,0.839499,0.96044,0.721492,0.905672,0.653786
-7608.27,0.893788,0.218623,4,31,0,7613.07,22051.6,4018,0.903123,0.924908,0.988616,0.773614,0.978336,0.571795
-7606.73,0.991699,0.218623,4,31,0,7612.02,22679.7,3929.88,0.892478,0.8742,0.928878,0.737991,0.907595,0.550275
-7610.47,0.468595,0.218623,3,7,0,7617.82,22681.3,3787.84,0.894265,0.870502,0.995857,0.770501,0.969416,0.616846
-7612.78,0.939981,0.218623,4,15,0,7614.37,22478.5,3737.44,0.901347,0.886686,0.994156,0.761277,0.895345,0.662414
-7608.39,0.871876,0.218623,2,3,0,7614.82,22541.9,3762.8,0.900104,0.88945,0.995151,0.757664,0.943422,0.63028
-7608.41,0.887917,0.218623,3,15,0,7613.2,22395.9,3971.14,0.955331,0.899689,0.973439,0.733883,0.959699,0.544763
-7609.94,0.988059,0.218623,4,15,0,7610.77,22409.6,3935.68,0.958676,0.890696,0.965223,0.752685,0.902883,0.555416
-7609.61,0.854858,0.218623,4,15,0,7614.54,21952,4087.7,0.96328,0.92026,0.984428,0.796643,0.990498,0.607564
-7611.95,0.971616,0.218623,4,15,0,7614.67,22406.6,4083.18,0.920343,0.976698,0.985769,0.792628,0.973224,0.752495
-7608.32,0.967497,0.218623,4,15,0,7615.06,22051,3986,0.933966,0.939826,0.984589,0.770861,0.983109,0.563058
-7611.84,0.971655,0.218623,4,15,0,7613.58,22003.3,4055.77,0.979314,0.944814,0.978257,0.723384,0.966465,0.481874
-7611.21,0.988841,0.218623,4,15,0,7615.01,22429.9,4011.15,0.886418,0.954873,0.996229,0.79877,0.960828,0.699847
-7608.13,0.988564,0.218623,3,7,0,7613.07,22255.4,4177.71,0.95355,0.931304,0.982494,0.785427,0.967664,0.630532
-7609.88,0.985644,0.218623,4,15,0,7611.11,22256.2,4051.2,0.936713,0.964577,0.98457,0.801106,0.962682,0.788748
-7608.15,0.975293,0.218623,4,31,0,7611.32,22892.1,3989.29,0.896241,0.842402,0.968125,0.723052,0.933025,0.546809
-7606.53,0.931689,0.218623,3,15,0,7611.28,22947.8,3946.33,0.869946,0.90004,0.939372,0.758443,0.932432,0.737503
-7609.16,0.776063,0.218623,4,19,0,7613.05,22232.9,4019.73,0.954256,0.950303,0.98599,0.764331,0.973248,0.580921
-7606.46,0.983772,0.218623,4,27,0,7609.98,22588,3971.47,0.916859,0.871182,0.977374,0.767533,0.949521,0.582734
-7607.1,0.983995,0.218623,4,15,0,7609.24,22659.4,3988.02,0.919066,0.936902,0.97229,0.786041,0.950524,0.728775
-7609.06,0.964076,0.218623,4,15,0,7612.03,22583.2,3911.02,0.924167,0.892435,0.983474,0.822873,0.955884,0.771564
-7606.32,0.998421,0.218623,4,15,0,7610.51,22656,4022.06,0.919428,0.91522,0.946871,0.780344,0.946245,0.723322
-7608.7,0.930509,0.218623,4,19,0,7610.25,22142.7,4014.22,0.93822,0.909796,0.997204,0.781444,0.984064,0.594202
-7611.28,0.981784,0.218623,3,15,0,7613.97,22279.8,3897.09,0.888546,0.872534,0.999622,0.766777,0.97079,0.548383
-7610.01,0.975876,0.218623,4,15,0,7613.98,22610.1,3987.07,0.923384,0.933107,0.998982,0.775415,0.946274,0.757928
-7608.78,0.928226,0.218623,3,15,0,7613.94,22295.1,4027.74,0.946788,0.884437,0.994349,0.78688,0.978442,0.680197
-7610.14,0.931214,0.218623,4,15,0,7613.43,22240,4063.49,0.946043,0.954014,0.97516,0.798052,0.987638,0.619076
-7612.55,0.967574,0.218623,4,15,0,7616.39,22406.7,4105.79,0.942236,0.894059,0.990644,0.793997,0.9993,0.665147
-7612.39,0.923815,0.218623,3,15,0,7618.75,22164.8,4025.49,0.954192,0.932751,0.997008,0.745491,0.994391,0.695329
-7614.47,0.981775,0.218623,4,15,0,7616.32,21746.5,3944.39,0.973074,0.932041,0.995976,0.821546,0.995395,0.555626
-7612.88,0.988018,0.218623,4,15,0,7621.08,21888.9,3928.29,0.949127,0.905297,0.974914,0.772634,0.998001,0.462029
-7608.93,0.875782,0.218623,3,15,0,7617.58,22439.4,4070.12,0.882479,0.921093,0.9797,0.763328,0.985338,0.564283
-7608.9,0.874455,0.218623,4,15,0,7613.16,22286,4090.03,0.916408,0.922509,0.947285,0.731879,0.970726,0.53899
-7607.19,0.893506,0.218623,3,15,0,7612.89,22737.2,4005.75,0.902724,0.901164,0.988413,0.777596,0.940814,0.620443
-7610.05,0.988673,0.218623,3,7,0,7612.87,22757.1,3805.34,0.87065,0.897694,0.988777,0.794405,0.937969,0.732913
-7610.03,0.981433,0.218623,3,15,0,7614.94,22683.5,4224.15,0.932933,0.888068,0.941425,0.730866,0.934928,0.639834
-7608.29,0.995558,0.218623,4,15,0,7612.32,22529.5,4008.16,0.842423,0.880781,0.977431,0.761815,0.932253,0.562497
-7607.93,0.999271,0.218623,4,15,0,7610.1,22487.7,3873.95,0.923407,0.87103,0.97417,0.71179,0.944651,0.588299
-7609.88,0.819774,0.218623,4,15,0,7613.89,22774.1,3904.39,0.919973,0.891899,0.973931,0.721885,0.979566,0.628846
-7610.48,0.917333,0.218623,3,7,0,7615.18,22814.7,3935.62,0.869071,0.921767,0.917439,0.726392,0.896524,0.638692
-7609.56,0.415217,0.218623,3,7,0,7618.35,22857.3,4037.05,0.895858,0.867901,0.959831,0.734461,0.980541,0.591609
-7610.07,0.916236,0.218623,4,23,0,7615.06,22160.4,4000.32,0.903704,0.903371,0.9806,0.787562,0.920162,0.467557
-7610.09,0.984741,0.218623,4,31,0,7613.9,22702.1,4206.87,0.912668,0.916915,0.967869,0.835753,0.925626,0.821822
-7610.49,0.994179,0.218623,4,31,0,7613.84,21946.9,4095.82,0.963107,0.955017,0.991997,0.795273,0.992907,0.701295
-7606.46,0.994285,0.218623,4,15,0,7611.28,22949.5,3951.87,0.880628,0.886199,0.961142,0.774536,0.908201,0.620822
-7607.91,0.924513,0.218623,3,7,0,7611.84,22978.9,3792.44,0.897584,0.868387,0.960236,0.787347,0.941846,0.723573
-7611.61,0.821087,0.218623,4,15,0,7616.16,22174.1,4148.91,0.957058,0.949367,0.993116,0.734275,0.980034,0.529607
-7608.71,0.997297,0.218623,4,15,0,7613.83,22185.1,4130.67,0.942148,0.938915,0.970542,0.823283,0.962798,0.730593
-7607.42,0.938193,0.218623,4,23,0,7612.72,22797.9,4112.9,0.917699,0.922939,0.968136,0.748746,0.932181,0.726994
-7605.69,0.917964,0.218623,3,15,0,7610.73,23157.9,3919.13,0.878861,0.849737,0.943383,0.764219,0.899878,0.670776
-7606.41,0.859124,0.218623,3,15,0,7609.83,23303.3,4023.6,0.902012,0.861849,0.934729,0.737667,0.916917,0.742681
-7607.04,0.855923,0.218623,4,15,0,7610.45,23092.5,4106.5,0.869758,0.883157,0.928016,0.776081,0.91828,0.742036
-7607.34,0.643448,0.218623,3,7,0,7611.27,23129.2,4108.23,0.858325,0.887691,0.962305,0.780692,0.921103,0.740345
-7607.13,0.788432,0.218623,3,7,0,7610.65,22938.6,4033.47,0.918135,0.889154,0.948553,0.749177,0.961123,0.70447
-7607.17,0.985829,0.218623,4,15,0,7609.79,22608.7,3925.92,0.94058,0.899857,0.959935,0.786747,0.943089,0.66248
-7607.66,0.962933,0.218623,3,7,0,7611.11,22580.7,3834.43,0.933449,0.870179,0.956924,0.765445,0.938016,0.610126
-7606.29,0.955962,0.218623,4,15,0,7610.09,22639,4038.9,0.921041,0.886326,0.969032,0.745692,0.918482,0.650419
-7609.35,0.928683,0.218623,3,15,0,7612.31,22672.1,4062.99,0.944248,0.908172,0.962308,0.717642,0.926414,0.602938
-7609.86,0.861049,0.218623,4,15,0,7616.47,22499.4,3941.92,0.945518,0.913206,0.985918,0.824011,0.980262,0.793824
-7608.56,0.970457,0.218623,4,15,0,7612.83,22432.9,4161.59,0.920065,0.926703,0.98469,0.771962,0.984206,0.629957
-7606.23,0.995752,0.218623,4,15,0,7610.33,22534.2,3956.04,0.935055,0.899512,0.979787,0.754597,0.959316,0.645133
-7606.39,0.981065,0.218623,4,15,0,7608.05,22540.6,4038.25,0.900858,0.899397,0.966628,0.747521,0.960148,0.680367
-7606.8,0.973259,0.218623,4,15,0,7609.32,22590.2,3837.42,0.875389,0.878372,0.983695,0.760043,0.955063,0.617296
-7610.32,0.950049,0.218623,4,15,0,7612.89,22368.2,3791.33,0.900693,0.879079,0.996054,0.776556,0.962174,0.527957
-7610.89,0.990802,0.218623,3,15,0,7613.55,22417.4,3855.14,0.890021,0.890479,0.998094,0.785339,0.980133,0.675927
-7609.97,0.996542,0.218623,4,15,0,7613.05,22367.1,4084.09,0.913117,0.895608,0.995356,0.70411,0.962939,0.525221
-7611.75,0.932463,0.218623,4,15,0,7614.96,22357.1,4070.47,0.933726,0.939254,0.940219,0.802705,0.972422,0.560317
-7609.17,0.944273,0.218623,3,7,0,7615.14,22120.7,4088.89,0.920766,0.934036,0.995532,0.797081,0.96483,0.733499
-7607.43,1,0.218623,4,15,0,7609.75,22455.9,4003.9,0.940198,0.903237,0.996014,0.766484,0.943568,0.668729
-7608.75,0.913326,0.218623,3,15,0,7611.01,22327.8,4034.79,0.950037,0.909386,0.998611,0.791806,0.962575,0.677767
-7614.27,0.778121,0.218623,4,15,0,7618.68,22484.7,3872.3,0.877355,0.911191,0.939856,0.687629,0.976322,0.387725
-7614.32,0.941796,0.218623,4,15,0,7619.61,22211,3927.74,0.817027,0.907615,0.954989,0.705572,0.987447,0.461576
-7609.74,0.99808,0.218623,4,15,0,7616.57,22296,4021.6,0.952353,0.87671,0.974517,0.762457,0.962668,0.702885
-7609.62,0.977434,0.218623,3,7,0,7615.21,22829.7,3798.4,0.81069,0.877223,0.965846,0.734123,0.928231,0.59176
-7608.64,1,0.218623,4,31,0,7612.32,22268.8,4113.65,0.96079,0.910496,0.993383,0.761379,0.972601,0.646618
-7609.53,0.930955,0.218623,4,15,0,7613.64,22352.5,3813.49,0.934669,0.901032,0.955487,0.775638,0.976736,0.661212
-7608.21,0.993548,0.218623,3,15,0,7611.43,23009.8,4205.72,0.879224,0.896428,0.98041,0.766767,0.931693,0.749052
-7607.86,0.883639,0.218623,3,7,0,7611.19,22453.7,3997.8,0.916798,0.879669,0.947031,0.757441,0.960056,0.672263
-7611.87,0.724686,0.218623,3,7,0,7620.79,22417.5,4028.55,0.869057,0.91117,0.982986,0.68964,0.949592,0.601532
-7609.6,0.987243,0.218623,3,7,0,7613,22544.3,4037.73,0.885104,0.915133,0.984811,0.707836,0.949877,0.49018
-7609.43,0.893106,0.218623,4,15,0,7615.49,22657.1,4038.74,0.948727,0.932915,0.967456,0.820341,0.956284,0.770876
-7609.83,0.9669,0.218623,4,15,0,7612.48,22283.1,3969.09,0.864104,0.88522,0.981272,0.746453,0.990061,0.483902
-7610.08,0.838038,0.218623,3,15,0,7614.77,22192.2,4082.3,0.917158,0.906063,0.970338,0.756999,0.99662,0.513374
-7611.15,0.97791,0.218623,4,15,0,7612.37,22372,3853.44,0.915366,0.918502,0.990923,0.767116,0.996018,0.699066
-7607.75,0.971944,0.218623,4,15,0,7613.61,22336.3,4055.86,0.923202,0.885908,0.963446,0.761966,0.917901,0.578084
-7609.76,0.877177,0.218623,4,31,0,7615.89,22755.7,4054.61,0.906809,0.901785,0.998082,0.80313,0.961278,0.810511
-7610.5,0.970671,0.218623,4,15,0,7613.03,22012.7,4037.86,0.95125,0.947504,0.996616,0.755743,0.951901,0.493018
-7614.09,0.991268,0.218623,4,15,0,7615.86,22237.8,4013.76,0.895752,0.966999,0.999725,0.757125,0.975553,0.553255
-7615.14,0.910896,0.218623,4,31,0,7618.43,21717.2,4099.46,0.968188,0.980132,0.999317,0.766571,0.967275,0.579247
-7614.29,0.846976,0.218623,5,31,0,7625.45,22261.4,4034.71,0.974126,0.836973,0.957778,0.780817,0.976512,0.523956
-7607.06,0.968031,0.218623,3,15,0,7618.22,22207.7,4007.16,0.925712,0.892783,0.991555,0.759,0.953378,0.576675
-7607.33,0.94475,0.218623,3,7,0,7609.91,22275.5,4027.27,0.920586,0.89857,0.992539,0.760228,0.932507,0.552439
-7607.97,0.956503,0.218623,3,15,0,7609.55,22566,3972.45,0.908415,0.861808,0.9929,0.769718,0.965887,0.624439
-7607.78,0.972934,0.218623,3,15,0,7610.92,22236.8,4040.54,0.914696,0.893101,0.980276,0.762109,0.922246,0.517141
-7607.15,0.978389,0.218623,3,15,0,7609.39,22472.3,4095.55,0.893371,0.89717,0.981033,0.751323,0.934555,0.529285
-7609.9,0.954154,0.218623,4,15,0,7612.54,22361.7,4023.67,0.936205,0.904595,0.941715,0.711465,0.957638,0.588869
-7611.35,0.993662,0.218623,4,31,0,7613.19,22586,4104.7,0.899194,0.904151,0.995431,0.838372,0.947274,0.815598
-7607.81,0.986028,0.218623,4,15,0,7613.52,22176.7,4139.45,0.942386,0.939606,0.985793,0.783213,0.957969,0.691436
-7610.31,0.898397,0.218623,5,31,0,7615.45,23195.8,3704.52,0.824629,0.870323,0.923738,0.736488,0.924472,0.714337
-7611.31,0.590712,0.218623,4,15,0,7617.35,22792.8,4156.97,0.842771,0.913581,0.9664,0.75451,0.968987,0.658743
-7612.1,0.983476,0.218623,3,7,0,7615.34,23037.6,4145.5,0.955852,0.855445,0.962029,0.760057,0.916005,0.696713
-7606.59,0.964386,0.218623,3,15,0,7614.54,22953.2,4002.24,0.887732,0.883292,0.942249,0.737792,0.942678,0.735321
-7606.38,0.956659,0.218623,3,15,0,7608.66,23150,3879.38,0.876181,0.860559,0.956041,0.755644,0.900524,0.611591
-7605.98,0.97957,0.218623,4,15,0,7608.88,23299.1,3965,0.852726,0.848553,0.917355,0.748526,0.914479,0.686795
-7607.14,0.782042,0.218623,5,47,0,7609.79,22413.4,3903.91,0.91123,0.90407,0.98025,0.783988,0.930001,0.579715
-7607.78,0.967178,0.218623,4,15,0,7610.34,23493.5,3881.5,0.840604,0.833247,0.915536,0.738195,0.9258,0.634646
-7606.48,0.982079,0.218623,4,15,0,7611.08,22935.7,3874.81,0.849853,0.857239,0.929195,0.743943,0.903259,0.627784
-7607.81,0.898563,0.218623,4,15,0,7610.08,22660.8,3858.94,0.874018,0.879051,0.951723,0.693097,0.912264,0.559922
-7609.25,0.922975,0.218623,3,7,0,7610.44,22935.4,3878.68,0.870879,0.896312,0.945619,0.708453,0.901284,0.501065
-7606.9,0.971024,0.218623,4,15,0,7612.73,22709.7,3898.46,0.919606,0.895459,0.974103,0.753552,0.963736,0.725545
-7606.78,0.932963,0.218623,3,15,0,7610.47,22622.6,4100.04,0.910957,0.869518,0.967607,0.755094,0.923163,0.585753
-7607.97,0.791512,0.218623,4,15,0,7615.98,22946.8,3757.98,0.852234,0.866664,0.981837,0.756704,0.925458,0.624028
-7610.11,0.889707,0.218623,4,15,0,7612.49,22839.8,3762.38,0.906457,0.913482,0.922928,0.750501,0.952304,0.672626
-7613.81,0.88187,0.218623,3,7,0,7618.46,23208,3837.97,0.895668,0.825978,0.983656,0.743078,0.955681,0.632812
-7613.04,0.922199,0.218623,3,7,0,7618.36,23230.3,3862.89,0.826633,0.835987,0.956888,0.751539,0.844749,0.67123
-7612.15,0.470261,0.218623,4,15,0,7618.52,23171,3911.27,0.813817,0.828501,0.950792,0.741811,0.857805,0.634434
-7609.08,0.99784,0.218623,4,15,0,7613.87,23145.5,3878.6,0.829177,0.842689,0.945792,0.750534,0.921092,0.547849
-7611.82,0.953717,0.218623,3,15,0,7617.37,22731.1,4035.97,0.889864,0.821427,0.943382,0.78455,0.892912,0.578319
-7609.98,0.622796,0.218623,4,15,0,7620.48,22536.4,3812.32,0.890698,0.909248,0.970072,0.686746,0.942444,0.586369
-7608.52,1,0.218623,3,7,0,7611.81,22498.6,3909.43,0.867045,0.863142,0.952861,0.745966,0.958313,0.462613
-7607.04,0.97587,0.218623,3,7,0,7610.54,22711.2,3909.62,0.881347,0.877366,0.959479,0.722607,0.967229,0.616423
-7609.32,0.921782,0.218623,3,7,0,7613.14,22739.1,3867.33,0.882914,0.861786,0.964358,0.706718,0.974268,0.617399
-7614.39,0.902206,0.218623,5,31,0,7616.54,21927.8,4036.46,0.992719,0.944364,0.998671,0.804579,0.995153,0.633657
-7612.48,0.995543,0.218623,4,15,0,7615.76,22064.1,4214.13,0.991946,0.931811,0.99557,0.804573,0.981544,0.711231
-7613.62,0.956403,0.218623,4,15,0,7615.63,21834.6,4099.24,0.985967,0.924418,0.990441,0.837405,0.995099,0.750884
-7615.7,0.961059,0.218623,4,31,0,7619.03,21973.7,4115.83,0.976577,0.988338,0.998401,0.764535,0.949904,0.59812
-7613.17,0.977122,0.218623,4,31,0,7618.62,21993.8,4278.89,0.951612,0.981468,0.990796,0.81005,0.984531,0.666218
-7617.26,0.972439,0.218623,4,15,0,7619.01,22016.6,4054.17,0.949124,0.99095,0.98724,0.86691,0.98079,0.777139
-7617.32,0.99064,0.218623,3,7,0,7619.17,21866.1,4033.12,0.944306,0.992056,0.987827,0.859123,0.991191,0.774204
-7616.79,0.919773,0.218623,4,15,0,7622.2,21909.2,4143.24,0.976083,0.991878,0.995666,0.855306,0.991448,0.754806
-7614.5,0.997692,0.218623,4,15,0,7618.07,22491.4,4161.44,0.941787,0.984835,0.982837,0.810653,0.966175,0.818393
-7618.55,0.951399,0.218623,4,15,0,7621.19,21734.3,4059.53,0.985224,0.98091,0.993227,0.830781,0.981934,0.442473
-7612.93,1,0.218623,4,15,0,7620.06,22610.1,4202.79,0.976184,0.922681,0.983451,0.819036,0.97249,0.928315
-7610.89,0.998723,0.218623,4,15,0,7615.02,22190,4126.42,0.978823,0.937467,0.986382,0.836182,0.984938,0.814523
-7611.99,0.990987,0.218623,3,15,0,7613.6,22215.3,4041.52,0.984622,0.945884,0.986444,0.831296,0.970434,0.858636
-7611,0.856043,0.218623,4,31,0,7615.43,22067,4202.01,0.950502,0.91167,0.987779,0.771781,0.990564,0.498648
-7609.4,0.99482,0.218623,4,15,0,7613.14,22039.5,4214.7,0.930957,0.940781,0.992409,0.774837,0.969348,0.610781
-7605.8,0.996633,0.218623,4,15,0,7611.74,22797.9,3980.9,0.910162,0.879875,0.976417,0.78233,0.930303,0.73795
-7606.98,0.939319,0.218623,4,31,0,7609.84,23177.1,3791.68,0.83586,0.870032,0.960414,0.722849,0.894095,0.621529
-7607.74,0.988906,0.218623,3,7,0,7608.45,23172.8,3735.92,0.887088,0.848584,0.909192,0.756214,0.912075,0.67882
-7608.13,0.755734,0.218623,5,31,0,7612.4,22743.5,3775.66,0.852673,0.877082,0.955407,0.695252,0.937981,0.566695
-7605.41,0.916586,0.218623,4,15,0,7609.44,22830.7,3840.77,0.88278,0.861601,0.948182,0.749175,0.922725,0.64544
-7608,0.785467,0.218623,3,7,0,7611,23146.1,3993.62,0.870245,0.88966,0.983254,0.738367,0.901994,0.666584
-7609.75,0.663619,0.218623,2,7,0,7614.45,23275.9,3985.66,0.883343,0.87527,0.978209,0.749248,0.917821,0.627661
-7608.02,0.999286,0.218623,3,15,0,7612.09,22618.6,3989.51,0.887422,0.913935,0.953743,0.75291,0.949553,0.736287
-7609.79,0.99896,0.218623,3,7,0,7611.16,23217.4,4103.52,0.903299,0.840108,0.954062,0.773599,0.897403,0.653665
-7607.91,0.982382,0.218623,3,7,0,7612.77,23139.4,3998.8,0.833479,0.870609,0.930215,0.761168,0.936945,0.662218
-7605.33,0.92345,0.218623,3,7,0,7611.71,22847.4,3996.46,0.897573,0.873723,0.944587,0.747617,0.913933,0.640451
-7609.63,0.690435,0.218623,3,7,0,7613.02,23002.6,4019.66,0.851684,0.832293,0.974751,0.738019,0.948137,0.60093
-7609.7,0.991605,0.218623,4,15,0,7615.51,22263.9,3783.65,0.905155,0.913387,0.976497,0.740395,0.988088,0.557878
-7614.11,0.939005,0.218623,3,7,0,7616.56,22720.6,3820,0.883774,0.836973,0.949804,0.772983,0.994924,0.623516
-7613.62,0.972686,0.218623,4,15,0,7616.24,22807.6,3838.77,0.897212,0.846632,0.961951,0.773608,0.994832,0.627204
-7613.79,0.96517,0.218623,4,15,0,7617.82,22358.6,3965.95,0.884353,0.922956,0.972704,0.695125,0.855641,0.461057
-7612.17,1,0.218623,4,15,0,7617.97,22186.1,4068.54,0.975654,0.923831,0.987853,0.824172,0.997479,0.761253
-7612.46,0.97772,0.218623,3,15,0,7617.76,22213.1,4082.32,0.968293,0.923916,0.985756,0.835331,0.997837,0.750615
-7614.74,0.929635,0.218623,4,15,0,7618.44,22044.2,4150.98,0.975965,0.933734,0.996617,0.849501,0.99751,0.690402
-7607.12,0.992188,0.218623,4,31,0,7617.17,22592.4,4039.9,0.924214,0.931484,0.986276,0.762753,0.945108,0.725823
-7609.56,0.936993,0.218623,4,15,0,7610.95,22086.1,4102.55,0.96264,0.915114,0.991362,0.815661,0.977077,0.612968
-7608.66,0.982776,0.218623,4,15,0,7612.88,22188.8,4073.25,0.954066,0.929553,0.979176,0.815773,0.962724,0.630452
-7609.08,0.86195,0.218623,4,15,0,7614.16,22493.1,3935.63,0.924953,0.896181,0.966816,0.795154,0.94453,0.805327
-7607.91,0.979167,0.218623,3,15,0,7612.53,22165.1,3937.96,0.93447,0.918732,0.994794,0.761895,0.953434,0.632954
-7611.69,0.900693,0.218623,3,7,0,7613.55,22476.5,4083.99,0.953211,0.862487,0.99573,0.797543,0.96086,0.600358
-7609.61,1,0.218623,3,15,0,7613.53,22459.1,4107.62,0.958659,0.880388,0.992004,0.801509,0.952396,0.66436
-7609.31,0.996967,0.218623,3,15,0,7612.15,22052,4130.1,0.96009,0.924931,0.997241,0.780391,0.974752,0.654302
-7610.2,0.976451,0.218623,4,15,0,7612.94,22335.2,3951.93,0.912171,0.919598,0.975411,0.781021,0.998154,0.661434
-7611.25,0.967518,0.218623,4,19,0,7613.28,22426.6,3819.03,0.908649,0.873765,0.973202,0.738453,0.996475,0.611388
-7608.21,0.986368,0.218623,4,15,0,7613.53,22209,4176.82,0.921417,0.936901,0.988855,0.76403,0.957192,0.609888
-7609.81,0.964105,0.218623,3,15,0,7613.62,22376.6,3995.25,0.890247,0.937698,0.940436,0.728089,0.960879,0.491436
-7609.06,0.987642,0.218623,4,15,0,7612.16,22561.9,4049.57,0.936533,0.877427,0.994976,0.77827,0.970076,0.627187
-7612.62,0.916362,0.218623,4,15,0,7619.53,22043.2,4123.93,0.955045,0.97891,0.994384,0.815347,0.993073,0.735088
-7608.69,0.984064,0.218623,4,31,0,7617.48,22338.8,4275.16,0.938024,0.917414,0.975561,0.7883,0.946771,0.650189
-7608.25,0.970115,0.218623,4,15,0,7613.68,22231.4,4183.1,0.931614,0.922244,0.982075,0.819445,0.965828,0.674131
-7610.56,0.963418,0.218623,4,15,0,7612.52,22217.1,3928.32,0.966098,0.925955,0.995419,0.747597,0.959057,0.681096
-7607.79,0.997353,0.218623,3,15,0,7612.25,22391.1,4104.69,0.955436,0.910209,0.991123,0.795174,0.957167,0.668702
-7607.98,0.95626,0.218623,4,15,0,7611.75,22797.6,3809.82,0.904231,0.857672,0.927393,0.703899,0.917352,0.579625
-7608.92,0.780092,0.218623,3,7,0,7612.52,22646,3869.26,0.83023,0.876176,0.977732,0.756751,0.934167,0.520694
-7608.36,0.880171,0.218623,3,7,0,7612.51,22471.5,3815.45,0.941618,0.891923,0.978899,0.762059,0.958694,0.587215
-7608.44,0.993437,0.218623,4,15,0,7611.27,22692.1,4163.52,0.876195,0.891499,0.968822,0.733978,0.957372,0.572932
-7607.41,0.866158,0.218623,3,15,0,7613.29,22720.8,3889.17,0.913517,0.874831,0.952104,0.751945,0.888727,0.607233
-7612.32,0.976034,0.218623,3,7,0,7614.2,22576.4,3669.25,0.844248,0.888142,0.982053,0.721591,0.976045,0.521975
-7609.17,0.89799,0.218623,4,15,0,7618.02,22221.4,4036.36,0.94249,0.895192,0.979093,0.76484,0.99437,0.564067
-7610.7,0.951463,0.218623,3,15,0,7612.78,22426.5,3995.18,0.868988,0.896955,0.991419,0.761008,0.994978,0.602287
-7612.48,0.998697,0.218623,4,15,0,7613.73,21980,4045.91,0.968387,0.92485,0.967151,0.790075,0.998831,0.600684
-7612.34,0.9489,0.218623,3,15,0,7615.54,22154.5,3991.31,0.9572,0.941805,0.997534,0.760777,0.99753,0.664341
-7610.01,0.991788,0.218623,4,15,0,7615,22255.1,4038.54,0.909877,0.908253,0.98132,0.803399,0.994911,0.587325
-7609.9,0.971901,0.218623,3,15,0,7614.82,22132.3,3945.45,0.913917,0.960009,0.9912,0.786817,0.966254,0.676718
-7608.22,0.993775,0.218623,4,15,0,7612.17,22520.8,3893.66,0.922001,0.921977,0.993856,0.795784,0.946084,0.680389
-7608.8,0.932879,0.218623,4,15,0,7611.06,22480,4167.53,0.888953,0.907212,0.938207,0.764039,0.942054,0.639362
-7607.74,0.93938,0.218623,3,7,0,7611.77,22493.9,4194.53,0.88779,0.900073,0.98437,0.771864,0.943677,0.625704
-7610.87,0.878641,0.218623,4,31,0,7615.11,22022.6,4019.1,0.96842,0.932771,0.993175,0.785013,0.996508,0.594474
-7611.88,0.941373,0.218623,4,15,0,7616.44,21969.4,4017.19,0.963368,0.941414,0.992823,0.791304,0.997002,0.53954
-7607.64,0.98155,0.218623,4,23,0,7615.9,22557,4122.77,0.898705,0.883232,0.977125,0.724292,0.947038,0.550907
-7607.39,0.909371,0.218623,4,15,0,7612.28,22975.8,3755.46,0.893932,0.881222,0.952306,0.746191,0.95277,0.680687
-7608.33,0.969967,0.218623,3,7,0,7610.61,22872.9,3743.52,0.909383,0.879786,0.956571,0.781243,0.917221,0.693961
-7608.79,0.798195,0.218623,3,15,0,7612.33,22613.7,3782.28,0.874445,0.875219,0.940853,0.770872,0.965042,0.585025
-7606.87,0.959789,0.218623,3,7,0,7610.62,22686.7,3810.83,0.878734,0.883049,0.986508,0.764243,0.924351,0.631403
-7608.77,0.957332,0.218623,4,15,0,7611.99,22578.7,3998.62,0.857387,0.857405,0.98934,0.721243,0.919004,0.545572
-7607.17,0.917177,0.218623,3,7,0,7610.76,22516.3,4032.68,0.872493,0.882246,0.985585,0.740017,0.936494,0.523519
-7609.6,0.975977,0.218623,3,7,0,7611.79,22544.8,3749.85,0.910054,0.91089,0.942892,0.743662,0.951812,0.535376
-7608.23,0.926412,0.218623,4,15,0,7615.51,22304,4152.74,0.956247,0.907954,0.977257,0.770056,0.974344,0.692041
-7607.84,0.96655,0.218623,5,31,0,7610.62,23351.7,3841.75,0.823053,0.848617,0.928307,0.747395,0.881724,0.694444
-7607.58,0.951918,0.218623,3,15,0,7613.41,22934.1,3882.26,0.877061,0.861863,0.936191,0.763623,0.945442,0.571449
-7608.15,0.861879,0.218623,5,47,0,7612.68,22482.9,3901.22,0.886392,0.922191,0.993676,0.746309,0.92542,0.624561
-7607.1,0.845942,0.218623,3,15,0,7612.34,22405.6,3931.66,0.923441,0.902869,0.991475,0.752976,0.965804,0.565932
-7608.74,0.9235,0.218623,3,7,0,7610.32,22506.1,3898.66,0.94545,0.896733,0.994001,0.73818,0.959644,0.621909
-7610.22,0.873566,0.218623,4,15,0,7614.74,22730.7,3928.59,0.951721,0.889156,0.977814,0.753296,0.976159,0.683424
-7608.58,0.97591,0.218623,3,15,0,7613.19,22504.2,3950.24,0.955697,0.897171,0.974365,0.763647,0.967227,0.591772
-7607.23,0.971363,0.218623,3,15,0,7612.23,22398,4013.79,0.93565,0.877617,0.98057,0.771488,0.949611,0.681936
-7608.98,0.860549,0.218623,4,15,0,7611.53,22560.5,3990.54,0.936376,0.922322,0.99509,0.746886,0.928794,0.600654
-7608.46,0.992107,0.218623,4,15,0,7611.12,22733,4075.45,0.945163,0.894669,0.945178,0.805885,0.949651,0.746446
-7607.92,0.883283,0.218623,3,7,0,7611.85,22650.2,4116.46,0.902406,0.920305,0.983149,0.754726,0.950802,0.756908
-7608.87,0.94741,0.218623,4,15,0,7612.37,22606.4,4052.47,0.915882,0.910909,0.964665,0.737966,0.970202,0.742274
-7606.86,0.954674,0.218623,3,15,0,7614.14,22891.8,3909.5,0.900291,0.881152,0.971824,0.741822,0.904322,0.717964
-7609.24,0.981433,0.218623,3,7,0,7610.63,22940.2,3770.76,0.905716,0.894345,0.968023,0.744274,0.962195,0.727532
-7614.61,0.858599,0.218623,3,7,0,7616.93,22674.1,3715.27,0.919853,0.879735,0.915118,0.737728,0.96397,0.70407
-7611.49,0.984654,0.218623,4,15,0,7618.23,22304.8,4136.15,0.893738,0.913072,0.999451,0.773901,0.934046,0.523867
-7611.98,0.962712,0.218623,4,15,0,7615.35,22144.8,3995.72,0.921476,0.905424,0.999238,0.70047,0.966184,0.534529
-7609.28,0.999861,0.218623,4,15,0,7613.04,22409.6,3948.49,0.872383,0.868176,0.998132,0.761522,0.946742,0.537422
-7611.58,0.944358,0.218623,5,31,0,7614.39,22549.7,4109.23,0.937914,0.923336,0.998272,0.824383,0.981545,0.890349
-7613.2,0.94257,0.218623,3,15,0,7616.88,22699.2,4225.94,0.953264,0.956701,0.967918,0.828423,0.964517,0.932261
-7613.12,0.839316,0.218623,4,15,0,7619.7,22552.2,4222.12,0.939956,0.879812,0.994832,0.806897,0.957588,0.887157
-7609.88,1,0.218623,4,15,0,7614.82,22415.7,4112.9,0.964832,0.949755,0.98627,0.821685,0.959988,0.794096
-7612.96,0.96046,0.218623,3,7,0,7615.57,22170.8,4171.16,0.977898,0.913102,0.986004,0.846028,0.988812,0.867232
-7616.36,0.949402,0.218623,4,31,0,7621.32,21717.4,3994.28,0.848469,0.963013,0.994083,0.723887,0.961396,0.384231
-7611.19,0.991818,0.218623,4,15,0,7620.34,22145.4,4171.66,0.967938,0.954492,0.979104,0.78767,0.980799,0.792081
-7607.44,0.999576,0.218623,4,15,0,7612.39,22528.9,4022.53,0.904852,0.88353,0.985183,0.806463,0.955723,0.721725
-7608.43,0.981698,0.218623,4,15,0,7610.36,22735.5,3976.12,0.91299,0.879541,0.977282,0.817341,0.933601,0.703104
-7610.39,0.966098,0.218623,3,7,0,7611.78,22852,3920.53,0.90273,0.881952,0.984891,0.819699,0.913885,0.731655
-7606.45,0.996569,0.218623,3,15,0,7612.92,22870.4,3990.09,0.903437,0.885554,0.942984,0.77036,0.952832,0.766654
-7606.56,0.977377,0.218623,4,31,0,7608.22,22354.6,4070.09,0.918269,0.910227,0.982841,0.77989,0.972006,0.703692
-7605.18,0.993577,0.218623,4,31,0,7607.21,22721.2,3911.75,0.892264,0.88859,0.961376,0.752019,0.951612,0.665544
-7606.18,0.950428,0.218623,4,15,0,7607.66,22564.6,4116.94,0.907998,0.891726,0.969628,0.761872,0.960512,0.673658
-7610.22,0.955559,0.218623,4,15,0,7611.77,22036,3999.04,0.907167,0.887768,0.991629,0.794135,0.965779,0.481005
-7611.98,0.848239,0.218623,3,7,0,7614.3,21905.1,4017.88,0.890138,0.883059,0.992568,0.79491,0.967914,0.509655
-7607.48,1,0.218623,4,15,0,7612.97,22528.3,4026.65,0.95649,0.921661,0.9771,0.775464,0.944061,0.710418
-7608.86,0.977053,0.218623,4,23,0,7612.04,23622.3,3961.49,0.841216,0.886646,0.941077,0.762217,0.895727,0.712421
-7607.84,0.754059,0.218623,4,31,0,7614.47,22704.6,4064.38,0.947806,0.888497,0.987873,0.775429,0.943487,0.742361
-7608.93,0.949089,0.218623,3,7,0,7611.45,22554.3,4069.18,0.948322,0.868586,0.975883,0.80279,0.943788,0.672206
-7608.28,0.981027,0.218623,5,31,0,7610.64,22483.3,3905.71,0.889303,0.849047,0.951248,0.748917,0.971729,0.539716
-7611.4,0.858661,0.218623,3,7,0,7615.15,22491.9,3945.93,0.892152,0.829239,0.945448,0.697556,0.971036,0.436842
-7608.1,0.962264,0.218623,4,15,0,7614.46,22614.9,3887.17,0.884162,0.835658,0.979621,0.736866,0.955771,0.540313
-7609.46,0.82312,0.218623,3,15,0,7615.1,22539.3,3890.92,0.857432,0.835886,0.984934,0.733317,0.918886,0.562419
-7609.07,0.981564,0.218623,3,7,0,7612.46,22605.8,3913.17,0.868094,0.896995,0.937194,0.74919,0.924618,0.463241
-7609.71,0.899105,0.218623,4,15,0,7616.53,22835.9,4136.95,0.890986,0.846117,0.984164,0.734531,0.920701,0.665836
-7607.48,0.974067,0.218623,3,7,0,7614.63,22720.2,4028.97,0.859732,0.86804,0.982267,0.764817,0.947245,0.597221
-7608.66,0.976943,0.218623,4,31,0,7611.25,22169.3,4060.65,0.959877,0.932963,0.972763,0.767547,0.98193,0.663665
-7609.11,0.989547,0.218623,5,31,0,7611.39,22170.9,4078.94,0.923166,0.954014,0.99487,0.797098,0.972811,0.71793
-7610.11,0.959636,0.218623,4,15,0,7612.69,22453,4167.57,0.944005,0.944278,0.99733,0.778769,0.94636,0.678605
-7607.84,0.990264,0.218623,4,31,0,7612.06,22316.3,4115.09,0.937331,0.94031,0.984384,0.807838,0.968321,0.804543
-7610.05,0.966122,0.218623,4,15,0,7611.58,21867.2,3993.66,0.96766,0.934579,0.98992,0.776688,0.969655,0.518074
-7607.34,0.972563,0.218623,4,15,0,7613.04,23411.8,4027.12,0.848003,0.882798,0.952407,0.744769,0.890967,0.717248
-7610.03,0.684108,0.218623,5,31,0,7612.13,23854.8,3851.99,0.891045,0.840983,0.928112,0.751681,0.861168,0.778532
-7609.14,0.152754,0.218623,4,15,0,7615.78,23659.7,3842.68,0.870399,0.85134,0.899656,0.750517,0.85676,0.765108
-7609.08,0.25062,0.218623,3,11,0,7620.08,23969.6,3813.72,0.8571,0.824264,0.928714,0.750153,0.860658,0.780205
-7609.08,0.0148939,0.218623,2,3,0,7614.13,23969.6,3813.72,0.8571,0.824264,0.928714,0.750153,0.860658,0.780205
-7605.32,0.639999,0.218623,4,31,0,7612.38,22744.8,3924.85,0.900949,0.894755,0.971612,0.746418,0.937858,0.61306
-7606.05,0.878945,0.218623,4,15,0,7609.22,22932.9,4091.77,0.893577,0.889113,0.960302,0.786243,0.94373,0.794116
-7606.1,0.938005,0.218623,4,31,0,7607.54,23056.8,3979.3,0.864173,0.883205,0.958481,0.75036,0.946172,0.711937
-7607.18,0.947315,0.218623,4,15,0,7611.28,22819.3,3781.49,0.906223,0.879048,0.979206,0.734325,0.93803,0.619642
-7607.08,0.919891,0.218623,4,15,0,7611.74,22710.6,4175.37,0.879241,0.9004,0.96487,0.772929,0.947058,0.692355
-7607.26,0.996599,0.218623,4,15,0,7608.66,22826.4,4167.03,0.88297,0.912734,0.975796,0.774215,0.944213,0.727947
-7608.74,0.95946,0.218623,4,15,0,7611.34,22068.8,3849.54,0.927631,0.900453,0.975722,0.756899,0.972708,0.526553
# 
#  Elapsed Time: 7.607 seconds (Warm-up)
#                2.735 seconds (Sampling)
#                10.342 seconds (Total)
# 
